387
3512
130
0 0
1 129
2 36
3 126
4 2
5 5
6 44
7 125
8 23
9 94
10 50
11 50
12 50
13 110
14 110
15 54
16 54
17 103
18 71
19 10
20 68
21 113
22 113
23 124
24 124
25 4
26 4
27 4
28 56
29 56
30 127
31 22
32 22
33 22
34 57
35 57
36 30
37 30
38 65
39 65
40 33
41 87
42 73
43 73
44 83
45 83
46 83
47 106
48 106
49 106
50 106
51 38
52 38
53 119
54 119
55 119
56 107
57 107
58 107
59 107
60 70
61 70
62 70
63 108
64 108
65 108
66 82
67 82
68 82
69 82
70 96
71 96
72 96
73 96
74 96
75 78
76 78
77 78
78 78
79 90
80 90
81 90
82 90
83 18
84 18
85 18
86 18
87 18
88 77
89 77
90 46
91 46
92 46
93 46
94 89
95 89
96 89
97 89
98 89
99 35
100 35
101 35
102 35
103 45
104 45
105 45
106 45
107 99
108 99
109 99
110 99
111 12
112 12
113 12
114 63
115 63
116 63
117 63
118 63
119 41
120 41
121 41
122 41
123 41
124 117
125 117
126 117
127 95
128 95
129 95
130 95
131 95
132 47
133 47
134 47
135 47
136 37
137 37
138 37
139 37
140 88
141 88
142 88
143 88
144 49
145 49
146 49
147 49
148 49
149 49
150 49
151 86
152 86
153 86
154 86
155 86
156 20
157 20
158 20
159 20
160 1
161 1
162 1
163 1
164 1
165 8
166 8
167 8
168 8
169 8
170 67
171 67
172 67
173 67
174 67
175 32
176 32
177 32
178 32
179 32
180 32
181 32
182 75
183 75
184 75
185 75
186 75
187 51
188 51
189 51
190 51
191 16
192 16
193 16
194 16
195 16
196 25
197 25
198 25
199 59
200 59
201 59
202 59
203 59
204 59
205 97
206 97
207 97
208 97
209 97
210 97
211 31
212 31
213 31
214 31
215 31
216 31
217 60
218 60
219 60
220 60
221 60
222 60
223 60
224 102
225 102
226 102
227 102
228 76
229 76
230 76
231 76
232 76
233 34
234 34
235 34
236 34
237 34
238 19
239 19
240 19
241 19
242 13
243 13
244 13
245 13
246 13
247 100
248 100
249 100
250 100
251 24
252 24
253 24
254 79
255 79
256 79
257 15
258 15
259 15
260 15
261 15
262 39
263 39
264 39
265 39
266 39
267 122
268 122
269 122
270 6
271 6
272 6
273 6
274 74
275 74
276 74
277 74
278 55
279 55
280 55
281 55
282 121
283 121
284 121
285 121
286 85
287 85
288 85
289 85
290 85
291 40
292 40
293 40
294 40
295 98
296 98
297 98
298 98
299 7
300 7
301 7
302 72
303 72
304 111
305 111
306 111
307 111
308 111
309 105
310 28
311 120
312 120
313 120
314 21
315 21
316 21
317 64
318 64
319 64
320 64
321 14
322 14
323 14
324 14
325 26
326 26
327 26
328 26
329 104
330 80
331 104
332 52
333 112
334 112
335 112
336 42
337 42
338 42
339 48
340 48
341 48
342 93
343 81
344 118
345 118
346 109
347 109
348 66
349 115
350 43
351 43
352 43
353 43
354 92
355 92
356 92
357 115
358 27
359 27
360 27
361 29
362 29
363 29
364 128
365 101
366 9
367 84
368 84
369 62
370 11
371 11
372 116
373 61
374 53
375 123
376 58
377 58
378 9
379 114
380 69
381 69
382 91
383 3
384 17
385 17
386 105
0 1 -24.412612491170769
0 2 1.3395401495317727
1 2 -1.1550702849005134
0 3 -3.3499171652070143
1 3 -5.5965318743328449
0 4 3.6828495121301743
1 4 -0.54811772670870607
2 4 2.2741122716376077
0 5 3.1732253006623647
1 5 -1.2000271190868834
2 5 -3.2557717298782411
4 5 -8.4857436578836616
1 6 0.1282690519795992
2 6 0.32001768451775664
3 6 -3.3216448413969002
4 6 -3.56112474197259
5 6 1.1006530098848075
3 7 -7.4593848039880744
4 7 -3.3333973128457353
5 7 -17.553210651559624
6 7 -28.338998751022288
3 8 1.7275543266563593
4 8 1.0625110325955895
6 8 1.8324358725727987
7 8 -23.162006188819987
4 9 -1.255726293640623
0 10 -8.9851490516090653
1 10 -8.8138790919097705
0 11 -9.38500634800676
1 11 -8.9657477969961406
2 12 0.93597689029777786
3 12 -2.3703324910079973
4 12 0.63597455612385279
5 12 -4.0348279354941656
6 12 -11.567816603188971
0 13 -5.3913156074155397
1 13 -5.3767901955855679
10 13 -24.707765781301745
3 14 -4.7294447714530836
4 14 -4.7831923740327911
5 14 -1.8829106666872302
6 14 -6.7532310732929925
7 14 -13.992045181674255
12 14 -26.819717222831166
0 15 -5.9494921214770038
1 15 -5.9342801665537639
11 15 -0.24569664702946664
3 16 -0.012518294969553312
4 16 0.73120823893639519
5 16 -0.35885220526421741
6 16 -4.240193319109455
7 16 -4.5288263954589958
8 16 -11.769285796711923
12 16 0.40867305012764138
14 16 -24.659396032926367
3 17 -4.3122096740466542
4 17 -1.9217525297320615
5 17 -1.6021671325458544
6 17 -5.9086635015351927
7 17 -13.07039968553309
9 17 -13.676947887484147
1 18 -0.84025614651140623
2 18 -0.20030608388427434
3 18 -1.9280062550696595
4 18 -1.9658242721122408
6 18 -3.3497327263335643
7 18 -3.5626656294639263
8 18 -10.725290954126024
9 18 -4.0918867083631065
17 18 -24.225962888247565
3 19 -0.31184023941797229
4 19 1.5447645764279749
6 19 2.3254006026059084
7 19 -1.7663534126106843
8 19 -1.9807164929685039
9 19 -2.2203714247130999
17 19 2.4270105472368493
18 19 -22.575435635939762
6 20 -0.065246631831760438
7 20 -5.1722178425528078
8 20 -5.3619189119236808
0 21 -5.1504979619086999
1 21 -4.9716997538761962
10 21 -3.6113801551737406
13 21 -10.767921954666798
2 22 -2.4597787895419954
3 22 -4.5438112137277633
4 22 -4.5485632186278355
5 22 -2.3585929246599728
6 22 -4.9215357782707931
7 22 -7.2974173502073905
9 22 -7.4529305802113477
12 22 -6.345583758411645
14 22 -13.510980028152016
17 22 -14.119391673987346
0 23 -4.9141040508155758
1 23 -4.8924677926944833
10 23 -3.1394274754430134
13 23 -3.3535917794327865
21 23 -23.96317744116601
2 24 -5.4521743970664698
3 24 -7.0820072064565913
4 24 -7.0848884538459194
5 24 -7.303878459716957
6 24 -7.408021953749742
7 24 -7.4748086995438152
8 24 -9.8503728850014536
9 24 -7.6151556698982237
12 24 -8.6871409043720718
14 24 -8.9013052083618458
16 24 -16.064360283181557
17 24 -9.4324021004674865
18 24 -16.671586492797481
22 24 -29.510890870095068
10 25 -0.85750036361313864
13 25 -4.9504562011660083
21 25 -0.75792337857054148
23 25 -25.816747672776941
11 26 -1.4173570143912988
15 26 -5.7233988299653458
1 27 0.43092505780193541
3 27 0.82756029346644366
4 27 2.881666283658995
5 27 2.5212880442856052
6 27 2.9827086585313585
7 27 0.49011699513935153
8 27 0.42366984015199444
9 27 3.4299001021779683
12 27 3.3017989792794449
14 27 -0.7911568582734243
16 27 -1.0042428362946016
17 27 -1.2453379695714699
18 27 -1.5342623669289648
19 27 -8.7746219680775912
22 27 3.4013759643220411
24 27 -21.657448329884353
1 28 -1.5731455348549743
3 28 -2.5245476058355605
2 29 0.69864932343553532
3 29 -0.88609670908573612
4 29 -0.88559019685339901
5 29 -1.0484033371653059
6 29 -1.1208025775560078
7 29 -1.1749562802991582
8 29 -3.5381243317240929
9 29 -1.2894500512946758
17 29 -2.7184586668080142
18 29 -9.8806150192894542
0 30 -4.2568151718301639
1 30 -4.2340846393405194
9 31 -8.3459449451201575
10 31 -4.5332256417306267
13 31 -7.0187566382152644
21 31 -8.7612772341145586
23 31 -9.0446102245530575
25 31 -16.277128797880327
4 32 -6.9350284024740372
11 32 -2.6771682134692782
15 32 -5.2242153196892982
26 32 -14.422673927325572
2 33 1.2813502251154896
4 33 0.98194458788316541
5 33 1.3267007463837257
6 33 -0.762464681475991
7 33 -0.78170095472616086
8 33 -0.8024448058681064
12 33 1.4277277802358856
14 33 -1.0677116385157805
16 33 -1.1354929876047171
17 33 1.8704020609620375
18 33 -1.2767407749899913
19 33 -3.6676279839443038
22 33 -2.8003238121480463
24 33 -3.0927542117191233
27 33 -10.333358127232612
9 34 -6.3468577116429739
10 34 -2.2049256026947179
21 34 -2.0901751610462571
23 34 -1.3919256086641689
25 34 -5.9707215057212517
31 34 -1.3091717569298402
16 35 -0.051240370865499651
17 35 0.69217652926058593
19 35 0.39541371642236783
22 35 -0.39803421216745033
24 35 0.30021534021463786
27 35 -4.2785805568424449
33 35 0.38296919194896478
4 36 -4.1074181070911742
11 36 0.53568435885430898
15 36 -1.2297637131035919
26 36 1.5114368835304659
32 36 -12.708301224775484
18 37 -2.4052712108341021
19 37 -5.6947145187696053
24 37 -3.4964212380052597
27 37 -2.797468689694997
33 37 -17.017206798000949
35 37 -27.802074602314875
4 38 -5.8488801515461475
10 38 0.0089218046172782062
13 38 -2.8847675758561508
7 39 -2.6989227803006401
8 39 -2.0094296778839773
12 39 -1.7110925734831801
14 39 -4.6047819539566097
16 39 -4.6386382743111483
20 39 -4.8321698230927845
28 39 -6.2728977498163285
10 40 0.090062135411517474
13 40 -2.7150080570667647
21 40 0.19965288926211172
23 40 -3.7247201833798314
25 40 1.4724279057389769
15 41 -0.88417173789409231
26 41 -0.77524225890107656
15 42 -0.31942707087216299
7 43 -1.5861934178494859
8 43 -3.6212226658058966
10 43 -3.5621050061071795
13 43 -5.865026925415262
14 43 -2.6761827073242199
16 43 -1.9777331479544098
15 44 -3.3879672207152196
23 44 -3.2075100020438527
25 44 -3.2014952582190346
26 44 -3.2014952582190346
28 45 -3.4500622662581448
10 46 -2.5489732564480523
13 46 -4.8393779260135474
18 46 -1.1008558714029508
19 46 -2.4078014096012073
21 46 -4.6431540351754146
24 46 -0.78174615437854689
27 46 -2.2642763311808531
29 46 -0.74881775779533921
9 47 -6.2426895221262395
25 47 -2.3052068319375292
34 47 -3.2987828452959329
19 48 -5.0877507079643696
23 48 -4.9939882601615428
25 48 -4.9922866933382499
31 48 -5.0146004571287293
35 48 -5.4160106282559539
37 48 -3.3432908332005118
43 48 -2.4498593370556985
15 49 -1.9435790090107248
26 49 -1.7449059576127506
19 50 -7.1044852688911266
20 50 -7.0884306204150551
24 50 -7.3709219298647684
27 50 -6.9582346159778261
29 50 -6.0231672976507227
9 51 -4.7894444371447005
13 51 -1.7114982425671923
26 51 -0.62580823276717545
30 51 -1.3303590305085373
32 51 -1.1176911867171828
34 51 -1.1982539692290497
36 51 -1.1922453827881365
38 51 -1.1875595213387391
40 51 -1.1824673875037961
42 51 -1.3785036010408862
44 51 1.3249840774893813
26 52 -5.7106368456158965
28 52 -5.6249709319178134
32 52 -5.5334579284995815
35 52 -5.4616672588903583
37 52 -5.4556586724494451
39 52 -5.4509728110000477
3 53 -11.071909825951181
30 53 -6.9850223964009208
32 54 -3.8647139475614085
36 54 -5.1447979781522859
38 54 -5.1388952052072332
41 54 -5.1314910326098939
42 54 -5.2920554795053301
14 55 -3.1227133674226253
15 55 -3.1663731187147008
16 55 -3.099428261748709
20 55 -3.0156393900139045
26 55 -7.4583495522664522
28 55 -2.7670897019509826
32 55 -2.6675513824089689
39 55 -2.5806476554206381
15 56 -10.341554945467717
8 57 -5.1464343182686196
13 57 -2.4345716441409064
14 57 -5.4303039176948973
16 57 -5.4053310061296882
20 57 -4.7441612510197047
30 57 -1.9941776203467116
38 57 -1.7463275028531957
8 58 -5.2319999318583363
20 58 -4.8297268646094214
32 58 -2.7092015697660758
36 58 -2.6638448442754541
26 59 -4.9473522627934949
28 59 -4.8527895049888565
32 59 -4.6934992168950913
35 59 -4.5863251215413943
37 59 -4.5829895449780675
39 59 -4.5675554290760632
52 59 -14.01981464764987
15 60 -7.2672328458395583
56 60 -0.8740826454645827
3 61 -9.4533524960660316
30 61 -5.2823728461364228
42 61 -4.8648431599711319
20 62 -3.0022915700538388
28 62 -2.7836891120085965
30 62 -5.1129650462724765
38 62 -2.550784585992905
39 62 -2.4851025500200667
43 62 -2.3227442525008359
45 62 -0.16699667577099914
20 63 -9.823866970115338
30 63 -6.6560323262972503
32 63 -7.2794795789208386
36 63 -6.4130157863887067
38 63 -6.3958112808980232
41 63 -4.5955901724799562
42 63 -6.2186873462965231
54 63 -8.2871875046066599
13 64 -2.6979257394942926
20 64 -2.5201215333181302
23 64 -2.3345039513960688
25 64 -2.3169362542044278
27 64 -2.2571683155115534
28 64 -2.2345413386205277
31 64 -2.0522883748392218
34 64 -6.6316157521922534
35 64 -1.9655008904265894
37 64 -1.9475261063486502
38 64 -4.2984963230065132
39 64 -1.9303216008579669
40 64 -4.2690239441102431
43 64 -1.7531976662564668
45 64 -1.9857479129031863
48 64 -2.0387762035364889
9 65 -10.299090288845889
32 65 -7.3741904275116701
36 65 -6.9131917430877028
41 65 -6.8378004583448115
49 65 -6.9971537042289951
13 66 -2.5404603901482927
20 66 -5.005345231007607
30 66 -1.6763236086792066
38 66 -1.412553722141368
53 66 -3.0487012296639389
39 67 -5.6204703817640445
43 67 -5.4295763895769822
45 67 -5.6210724651173631
32 68 -1.202653985609609
36 68 -0.74029138978557052
26 69 -5.7578868913873373
28 69 -5.6679423165235372
32 69 -5.4879963957937488
35 69 -5.3945958282913509
37 69 -5.3761420285728425
39 69 -5.3584384356034027
52 69 -6.7857472895836972
55 69 -6.9945859431259736
15 70 -8.0737909751191346
56 70 -5.5027796565033285
30 71 -2.4236018526630114
38 71 -2.1143838248535589
53 71 -2.0619529859006556
57 71 -3.299142003217546
66 71 -11.259449309016034
39 72 -6.3053338171152138
43 72 -5.9989857874669301
45 72 -5.882721890667904
67 72 -15.462409989947432
7 73 -4.4127402168536118
8 73 -3.9808604357778612
20 73 -3.5649692514417701
32 73 -1.3743530018045795
36 73 -1.3095083823451357
58 73 -2.4684031190253415
68 73 -10.432500950114692
52 74 -2.9447152246642707
55 74 -6.3050029329859623
59 74 -7.5198612738098394
69 74 -15.502896071200064
15 75 -5.2896014336608035
56 75 -2.5096974144936905
70 75 -23.54346157918129
30 76 -6.2886147326329223
38 76 -5.9806191686267605
53 76 -5.8476695415181297
57 76 -6.9540131741467945
66 76 -7.8723452481911886
71 76 -27.990493262218152
20 77 -3.0961872756960922
28 77 -2.7865893067133842
38 77 -2.5060527922489211
39 77 -2.4287748901386919
43 77 -0.54631178028054039
45 77 -1.9769263412666029
67 77 -4.3304347577792166
72 77 -24.438648983730083
32 78 -3.7687063062939443
36 78 -3.6993324142517996
41 78 -3.5986797953463001
58 78 -4.6504648955302983
68 78 -5.5704535427894637
73 78 -25.686944983601656
56 79 -2.2873412462890839
60 79 -7.5717928430398995
70 79 -3.3962893378624703
75 79 -28.437699933830377
3 80 -6.017980858163531
30 80 -1.8058758732682156
42 80 -1.1754105938034871
61 80 -2.6355617987745741
41 81 -4.0597093653953582
42 81 -3.8235665533720362
44 81 -1.2521684034698124
51 81 -3.8978502867886462
54 81 -3.94020190294134
30 82 -4.7019565178871705
38 82 -4.3862847338630155
39 82 -4.3221237904040084
43 82 -4.0018368077205997
45 82 -1.4304386578183754
62 82 -5.4619880126916867
67 82 -5.9121043997017768
72 82 -1.2772502593447412
77 82 -26.324821939897099
60 83 -3.8111699883371748
75 83 -19.202230097188831
79 83 -4.8978072688456811
3 84 -10.794009181052209
61 85 2.1152058250420174
80 85 1.0243265929927294
44 86 -1.1980452864324023
81 86 -1.3991709849017915
62 87 -1.5250453849400025
67 87 -3.3909258869990695
77 87 -16.913032330206597
82 87 -2.6159246169892909
20 88 -7.5059092084937706
30 88 -4.150197025205558
36 88 -4.6667094645271998
38 88 -4.2379307765376018
41 88 -3.7398859496405703
42 88 -4.3013413353369145
54 88 -0.52565363057988823
63 88 -4.7791404563351803
30 89 -2.9535514298119305
34 89 -2.6725878713745335
38 89 -2.6300763367469324
39 89 -3.4100604346897967
40 89 -2.5871392768071195
45 89 -2.4452234719318473
48 89 -1.1044985018206583
64 89 -3.545805006379211
67 89 -3.6914360544599636
10 90 -7.7325111404317575
13 90 -7.7077883827802802
43 90 -8.1707324909786472
20 91 -5.6332684811647304
30 91 -2.2768106212373032
36 91 -3.197282085536536
38 91 -2.7683259004202556
41 91 -1.8639862438515415
42 91 -2.8270035441556405
54 91 0.26914921158346955
63 91 1.0437451182569193
88 91 -23.828907392009853
30 92 -7.8596999937300076
64 92 -4.5113688245634718
67 92 -5.7114387091992622
89 92 -29.383130411010654
20 93 -3.497930312059538
28 93 -3.177401376759859
35 93 -2.8421226270584512
37 93 -2.8311130019705448
39 93 -2.8076870904340607
30 94 -3.8869131262038099
45 94 -5.8751748047215706
53 94 -1.3744074717510069
40 95 -6.7624104580355091
46 95 -9.1298612465286997
47 95 -3.9302221713147585
57 95 -6.2143484653665277
30 96 -7.0484658938005058
42 96 -7.3019731272362511
15 97 -6.2455611505811888
28 97 -8.6667146677046691
36 98 -3.4248206664346221
41 98 -7.9179995819249234
55 98 -1.1458946993316155
28 99 -5.7494982119320461
39 99 -5.3665871842771793
43 99 -4.9873986752258936
53 99 0.50222398829685932
57 99 -1.715044470912368
66 99 1.3469392842504226
71 99 0.25706573261788662
76 99 0.95593913807977637
10 100 -10.052840747349473
13 100 -10.027904516275308
41 100 -8.1532289382347809
14 101 -7.5192414910024326
16 101 -7.4929976308516357
68 101 0.020779520610618663
73 101 -1.0690940310219172
78 101 -0.37022062556002761
35 102 -4.427241236136398
36 102 -4.473492895330117
37 102 -4.4020768527680936
41 102 -4.3609080292578408
52 102 -1.8157329523260097
55 102 -1.5043042832369689
59 102 -3.7215727424461962
69 102 -0.65958898728340554
74 102 -1.7494625389159415
10 103 -11.624402800504027
13 103 -11.604425940707156
41 103 -10.133604463853016
60 103 -7.133947888661389
70 103 -4.4713467308341466
75 103 -8.5574181448118836
79 103 -8.7631829901236262
19 104 -5.9526652021700937
24 104 -5.6658062845242192
27 104 -5.6396882813232514
34 104 -2.2843205772305772
40 104 -2.1843100168435727
47 104 -1.5214450404865598
53 104 -1.3904521205215348
57 104 -1.52411664492013
66 104 0.76473400276617998
71 104 1.0839168200656437
76 104 -3.0083156784965492
18 105 -6.7747324646159086
19 105 -6.3428736494416054
41 105 -3.0913064842829261
49 105 -2.4745951126630761
65 105 0.17417594072921355
68 105 -0.18841606941033634
73 105 0.1307667478891274
78 105 -3.9614657506730651
29 106 -5.7929744335125388
36 106 -5.5052275185905959
41 106 -7.694668513690325
50 106 -4.7040011997393281
52 106 -2.1570947268264695
55 106 -4.5652889211719732
59 106 -4.6989534455705684
69 106 -2.4101027978842584
74 106 -2.0909199805847947
13 107 -5.3012992832479915
43 107 -4.466915073882614
84 107 -12.568748220522613
15 108 -8.73557331920221
14 109 -6.0490810569381379
16 109 -6.0228485844551285
20 109 -5.9183659640494266
30 109 -2.5569775071602203
32 109 -3.5424424068633216
36 109 -2.2495372034570362
38 109 -2.2246539664369056
41 109 -2.1246962981728128
42 109 -1.8402364744479058
54 109 -1.3562514438199287
61 109 -1.5194002218946565
63 109 -1.5530109734316477
80 109 -2.9743448031039499
85 109 -10.340069539640202
88 109 -10.935643279211064
36 110 -7.2119066366102826
41 110 -7.0982330667327798
55 110 -6.2606243975197824
43 111 -5.987777866850319
84 111 -6.5017558446072083
90 111 -14.262703427465363
107 111 -27.117230805665905
15 112 -9.9213335507418687
108 112 -27.665726007357826
14 113 -5.9892352956412962
16 113 -5.9630109030731209
20 113 -5.8585445691078464
36 113 -2.5942873935274591
38 113 -2.1638520800392063
41 113 -2.0634803754355757
54 113 2.2579165593806159
61 113 -1.4033015956117103
63 113 -1.4328412565776178
80 113 1.2044835107468554
85 113 -3.1019208648781222
88 113 -3.6204586189123087
91 113 -10.84778866637836
109 113 -23.717395825936819
84 114 -1.9145848995816914
90 114 -6.4610818386094699
107 114 -16.094324653412343
111 114 -1.806592832021289
15 115 -9.6517879513972211
108 115 -16.601457494360002
112 115 -2.3042981290404518
63 116 -0.78259777953678467
85 116 0.063681733733636559
88 116 0.096043708270979689
91 116 -4.4821848323369649
109 116 -14.115290456616989
113 116 0.17144029313649706
36 117 -8.0393814277193805
41 117 -7.9242961900458697
55 117 -7.8662705222417229
110 117 -18.750130690476936
20 118 -3.273999694917979
28 118 -2.9493454334882365
35 118 -2.6008793508944099
37 118 -2.5883056832146987
39 118 -2.563243126201836
93 118 -3.6150445983104493
30 119 -5.9490771955189947
45 119 -7.2769976616505954
53 119 -2.035417706948158
94 119 -14.093839590324849
3 120 -7.6755920220149516
30 120 -4.691343360124355
42 120 -5.1597554385049094
96 120 -11.60739937915405
40 121 -4.3155284086539067
41 121 -3.8615807360665086
44 121 -4.4096946295235444
49 121 -3.9845613990014037
15 122 -9.2530458853979525
28 122 -10.862611515548089
97 122 -16.933088347174039
32 123 -2.5443498232143029
36 123 -2.4850858650415972
39 123 -2.3812033691023844
41 123 -2.3679193262661316
55 123 1.1923523744957225
98 123 -10.867538038968709
30 124 -7.1235205809619799
54 124 -6.5325123577852748
68 124 -6.8555066536876561
96 124 -12.979778505120084
100 124 -6.3464467752286335
41 125 -3.8151269094374967
48 125 -5.146280799763046
51 125 -2.5109400844636798
52 125 -5.7059960372674876
54 125 -2.8543153964399015
55 125 -5.6925711531970524
61 125 -2.7672951648092514
63 125 -2.7702183401509344
69 125 -5.6127861180584517
36 126 -7.2821540139340808
41 126 -7.1644698110205036
52 126 -5.7765263769451876
55 126 -6.1199772272775004
59 126 -6.0222622207463825
69 126 -3.9456453767079007
74 126 -6.2988885486613606
98 126 -15.017476672745737
102 126 -8.3842332351995417
42 127 -7.5400163785664089
45 127 -10.004156260628198
53 127 -6.5151884725589779
8 128 -2.793304739508804
10 128 -2.5781269268931273
13 128 -2.5583535695482298
43 128 -1.2696290494134723
84 128 -3.2749139177764572
107 128 -10.100295282353388
30 129 -3.83669743147887
42 129 -4.3002906575683841
108 129 -10.263242645641505
43 130 -9.2537679263103438
54 130 -5.3906842635457615
55 130 -8.5857402163495689
61 130 -5.6458372489225956
63 130 -3.204765106650493
80 130 -5.9736497869129401
85 130 -8.3958291603635615
88 130 -8.5399360112066027
109 130 -15.228675714496358
36 131 -2.9700176053030969
41 131 -2.852108442964894
55 131 -1.4390253945540996
110 131 -11.289613251383498
30 132 -6.694863934742104
54 132 -5.8317281791053066
56 132 0.069312799029153493
60 132 -0.29444904602676886
70 132 -1.018298377456113
75 132 -2.9404421369071154
79 132 -0.54317712153777364
83 132 -3.0700019567718528
103 132 -4.7671061342348517
43 133 -8.2863777761854944
54 133 -4.3525172384791553
55 133 -7.6078502243662083
61 133 -2.0875138109944347
63 133 -2.7530289951167064
80 133 -2.3404838380462221
85 133 -4.8788982422608802
88 133 -5.0077745112236354
91 133 -7.3855973011855269
109 133 -6.8464933281818885
113 133 -14.075289721340452
130 133 -26.89436534103708
48 134 -1.7952810025590245
62 134 1.0130095528369703
64 134 0.34749436871469846
67 134 0.65892052976442628
72 134 0.29839446957714294
77 134 -1.6299103744583143
82 134 0.76003952578518286
87 134 -1.7964046628374604
89 134 -1.9351177292189123
92 134 -4.3227458678904203
41 135 -3.8792513375804152
84 136 -2.7668455623773101
90 136 -2.966842761818838
107 136 -4.5059886670011293
111 136 -4.7923858640623145
128 136 0.15702780409887968
96 137 -4.3346941423004246
108 137 -4.9650346009131656
112 137 -5.238171870683292
129 137 -0.31389559678793638
36 138 -2.5473076265851362
38 138 -2.5216336674722855
43 138 -5.1095648727737526
55 138 -4.421189542070449
61 138 -1.29642430564355
63 138 -1.2944087163596882
80 138 -1.5286347337241888
85 138 -1.6208612136732463
88 138 1.3303962884243621
91 138 -1.8036952059338467
109 138 -3.366246400246792
113 138 -3.6448449254891937
130 138 1.2967700708532157
133 138 -23.780645647574332
98 139 -6.4353442469155988
110 139 -7.0744133884274421
131 139 -2.4113969173274348
40 140 -5.1186333969283266
41 140 -4.9120754003513856
44 140 -4.373600418882253
49 140 -4.3550165212125629
60 140 -0.91002911180014778
70 140 -1.451822735517571
75 140 -1.0699712543771749
79 140 -1.0964827490195659
83 140 -1.1600681985199122
103 140 -2.5141210966780361
30 141 -3.3681315693581677
42 141 -2.6115042117556402
45 141 -2.194300741056336
46 142 -1.9331573889912828
50 142 -1.9103562392950351
62 142 -1.4769693010057927
64 142 -1.4735371827206731
67 142 -1.4715276587600425
77 142 -1.6338382799977578
82 142 -1.6676648897659931
87 142 -1.7570410186985752
89 142 -1.8698339347936304
92 142 -4.242328165249674
29 143 -8.9974309585364729
49 143 -4.7955908433550363
65 143 -4.3587717867806752
68 143 -4.3567622628200446
73 143 -4.8947632806137005
78 143 -4.5190728840577599
105 143 -5.975122553624276
40 144 -9.9570300724847076
41 144 -9.9078742442076972
44 144 -9.2085603350307643
49 144 -9.1897194323345683
60 144 -5.7270677240510866
75 144 -6.2577614195187863
79 144 -5.8746995173308525
83 144 -5.9288650295417229
103 144 -3.2332938693435649
140 144 -28.116823621473255
42 145 -7.1063940173710405
53 145 -5.588984312464671
94 145 -6.5442355183966825
127 145 -3.7171661654373298
46 146 -5.6007496634384886
50 146 -5.5776915087157342
76 146 -2.6585285298840708
95 146 -3.64331141524382
104 146 0.35403919302549619
30 147 -5.5103292366258003
42 147 -4.7526312587480062
45 147 -4.748381840455596
141 147 -26.282994219840205
13 148 -5.5379577234061221
43 148 -4.2247750711930099
15 149 -5.8152400218335361
28 149 -7.5836446887665128
97 149 -4.4392652352324067
29 150 -6.4567005071199182
41 150 -2.964959214330499
49 150 -2.2509688735037359
65 150 0.99475073652046375
78 150 -2.327538168226063
105 150 0.68502955468350391
143 150 -24.214104515719256
75 151 -7.9024670707722091
83 151 -6.6946051790173664
85 152 -4.679170968601376
96 152 -0.77214785680064679
120 152 -5.4720513880474284
65 153 -9.7196295478662016
86 153 -8.901947540521725
121 153 -9.7011611412006946
36 154 -4.9147253648357427
42 154 -4.474485885766283
54 154 -2.8108002380414314
55 154 -6.1515484379066105
61 154 -1.6946229879860151
63 154 -0.95108044522441393
77 154 -5.8744826850673295
87 154 -4.6920721245186652
41 155 -6.7642837729925764
98 155 -2.6986092747590744
123 155 -7.3672638617103186
84 156 -7.0486978909994438
90 156 -9.4098352098748155
107 156 -7.5255754655411566
111 156 -9.9144622809022334
128 156 -9.3435148258351184
32 157 -2.4112622692278061
43 157 -4.324006945617711
45 157 -3.5159953888012838
54 157 0.17759837090476832
55 157 -3.5575542697728322
61 157 1.2937913349193033
63 157 2.0373360917564733
67 157 -2.8948899560011387
80 157 -0.80515199890244959
85 157 -0.82483693770812372
88 157 -0.85018956454239558
91 157 -3.1684740042418018
109 157 -1.3091797018057043
113 157 -3.6890447377418578
130 157 -3.1446217500964146
133 157 -10.376883985870007
62 158 -4.3856821253654266
64 158 -3.6421616588711085
67 158 -4.7399103456360878
72 158 -4.3981457801954953
77 158 -6.467200495983505
82 158 -6.4850770430976405
87 158 -6.5240017193365016
89 158 -6.5591911435894703
92 158 -8.8872809319984931
93 158 -6.2788766357016588
134 158 -16.058018983090399
41 159 -8.0189340902831994
68 159 -7.8954295075979397
135 159 -15.369219810000576
3 160 -5.7854844516530175
30 160 -3.2385636188211628
42 160 -3.6913296588624154
53 160 -2.1186635934455773
56 160 1.6913720088856765
60 160 0.50521608437175214
70 160 2.0150759039015038
75 160 2.7197050702849905
79 160 1.0756302483541802
83 160 -4.3381686806847828
40 161 -2.8365632479443783
41 161 -2.381528571373237
44 161 -2.8748195274364785
49 161 -2.4486210185322133
56 161 0.13143134686150398
60 161 0.16831183543896738
70 161 0.28087830933456343
75 161 0.28299030228861305
79 161 -2.0225007698667632
7 162 -1.5639027805910855
8 162 -1.5501952586100294
13 162 -1.3326046154658122
14 162 -1.257108605943571
16 162 -1.2314337675514433
20 162 -1.1442318094834574
28 162 -0.82269300299686376
30 162 -0.8598059674982359
32 162 -0.59631311715939295
36 162 -0.53620881124028053
38 162 -0.51492372516179397
39 162 -0.43196392281129276
42 162 -0.096176683214995229
43 162 -0.017430810136263408
45 162 0.37287088394973927
62 162 1.3143694147085636
67 162 3.9233527437099149
72 162 2.8559549408939948
77 162 3.543527430344255
82 162 1.8821802827263208
87 162 -3.5547361232170749
0 163 -5.8594138782297449
1 163 -5.8358529084932034
15 163 -3.8493350316339439
55 164 -6.9360670548554202
101 164 -1.5835779462175177
42 165 -5.7814392438354361
94 165 -2.1128672771821146
119 165 -0.9566371177835733
127 165 -2.1235193354477544
84 166 -1.4973415880098233
107 166 -1.8609394377592454
111 166 1.1344739653100431
114 166 -4.3958213614294097
128 166 1.0345180946940808
136 166 -3.8329430706812495
156 166 1.0951011259839825
3 167 -7.294248616307609
96 167 1.3074856387987104
108 167 -1.5820568664213199
112 167 1.4239447818108038
115 167 -4.0896634938194456
120 167 2.4536851510584663
129 167 1.2936847964573928
137 167 -3.5517977619532251
100 168 -2.0284373832846039
121 168 1.9085547394238453
28 169 -2.7622735687667537
32 169 -2.5253674526572203
36 169 -2.4652730579458106
39 169 -2.3707286868544926
41 169 -2.3457570088138957
98 169 1.7137893955615389
110 169 -1.1951837215322407
117 169 -3.7367666008449802
123 169 2.8700195549600802
131 169 1.7031373372958991
139 169 -3.1669659706256326
84 170 -0.86615378513914143
90 170 -2.9472693315220249
111 170 -0.021547639758421389
114 170 -0.30843997848262378
136 170 -0.41317571612136478
166 170 -0.32843779884730356
112 171 -0.41039026544232865
115 171 -0.67164785973703278
137 171 -0.80651146621544578
167 171 -0.72614257435936636
168 172 -4.8264483353785277
113 173 -1.1227267072156495
116 173 -1.3964398996795424
133 173 -2.2133885049768409
138 173 -1.5143336491820305
157 173 -2.7131962997003689
117 174 -2.5156824217915243
139 174 -2.6157175187628177
169 174 -2.5309796014887573
30 175 -3.5780964659643772
45 175 -4.8425888283685516
84 175 -2.6615361572960978
94 175 -1.430611329974683
119 175 1.4859297161379383
40 176 -5.2275117852213437
46 176 -6.8798996790043709
57 176 -3.8037653444539616
62 176 -5.7895797913607243
64 176 -5.7695689704489759
90 176 -3.4608177222409875
95 176 -3.4694007044366906
85 177 -8.9396085540323327
96 177 -7.686690383644124
97 177 -10.132729853665348
120 177 -4.7789492441188202
152 177 -9.7479511533838394
18 178 -8.9119951866445017
19 178 -8.886446497515319
29 178 -8.5547541351404082
58 178 -6.5335864063507918
65 178 -5.6656327399530682
86 178 -4.6021918279094622
88 178 -3.7773030488568491
91 178 -3.3648732368182479
121 178 -0.44786569922886682
153 178 -5.4175633779050285
15 179 -5.074841422132998
28 179 -6.694350906197549
97 179 -2.4706080998481581
122 179 0.44905005629212974
58 180 -6.3832106839789429
65 180 -6.3311046298645888
106 180 -7.686790142291791
98 181 -5.1866457907707746
123 181 -2.2450348557651241
155 181 -7.2169785903422969
66 182 -1.8569216435302729
71 182 -0.88871605546321852
77 182 -5.824166935554115
87 182 -4.5712964725604195
89 182 -4.1461427760678173
90 182 -3.3268626566238808
92 182 -3.4990239172989686
94 182 -2.9037513767167042
99 182 -2.9085084782162505
104 182 -2.9152520543008476
119 182 -3.1326640798850471
51 183 -6.7237570835491498
88 183 -4.8735961679356992
91 183 -4.4588902327803384
96 183 -4.0140205895810981
100 183 -4.0187390089717496
105 183 -6.4721767288939702
120 183 -4.2521285925192043
124 183 -4.3370362249956802
65 184 -4.2417997554353946
68 184 -4.1722714109662142
69 184 -7.5504788408973127
73 184 -3.2020242310505522
74 184 -8.1512353964245907
97 184 -5.2200987716395515
101 184 -5.2248967927203918
105 184 -5.231681613151637
122 184 -5.4459722554723813
15 185 -8.9677528049261568
28 185 -8.4896332914376664
29 186 -4.725610828663191
50 186 -3.5073467669198477
59 186 -2.8464148371684179
69 186 -1.4337779080777955
74 186 -0.44155619837141608
93 186 -2.8797027995320783
98 186 -2.4816793562532453
102 186 -2.4864860679891558
106 186 -2.4932800515804163
123 186 -2.6855042227932446
126 186 -2.7911382234190092
75 187 -6.299169394319045
83 187 -5.0183977876869195
108 187 -5.7947877308517528
115 187 -4.580531518135512
151 187 -4.6730033429495208
114 188 -6.4596725693152264
128 188 -3.4657493396791401
136 188 -3.7599847873531473
156 188 -3.8575395225534161
166 188 -8.724924934647067
115 189 -7.0776371086297623
120 189 -7.2401690718848934
129 189 -4.1373674059974883
137 189 -4.4029618855496242
152 189 -8.4738456999663949
167 189 -9.3774377787331336
77 190 -4.9438771444416671
87 190 -3.6885568690157196
110 190 -4.4517242598364231
113 190 -2.031231359477728
116 190 -2.0548888478572236
117 190 -3.2694952755405837
130 190 0.89538388779169864
133 190 -2.3850482711882881
138 190 0.61877732335356517
154 190 -3.4371543684262518
157 190 0.50359370491742261
84 191 0.44434916695240562
90 191 0.89733254028456444
107 191 0.80457757139195185
111 191 -1.3079618640904056
128 191 -1.553754803095438
136 191 -1.6646967872462999
156 191 0.5318424262811019
166 191 -3.3484400058035946
170 191 -10.874375349142754
188 191 -23.750471751357495
85 192 -3.6447129539804939
96 192 0.22388076815675123
108 192 0.57698633414711131
112 192 -1.519598818584659
120 192 -1.6919693185478561
129 192 -1.7993019482375603
137 192 -1.8856562616830601
152 192 2.147852137592456
167 192 -3.5815442898705943
171 192 -11.08248326439155
189 192 -23.987804760124099
65 193 -7.6682775334878261
86 193 -6.5653455615951843
96 193 -4.4407686543332456
100 193 -4.4416163366740671
121 193 -4.6189351073954636
124 193 -4.6793350181347595
153 193 -0.77980942066629244
168 193 -6.5118561581505006
172 193 -14.013710025424565
91 194 -4.1888208422462023
109 194 -4.3065668514673741
110 194 -9.2405522230337152
116 194 -11.034557445536919
117 194 -8.0512476919814855
133 194 -3.4950758700698681
138 194 -6.7745925040684867
154 194 -2.7198835432962931
157 194 -4.5853804375007252
173 194 -15.97292222050414
190 194 -28.867694615139328
98 195 -0.98849541457690338
110 195 -0.65339932992080518
123 195 -2.8943148541427255
131 195 -3.008529346895537
139 195 -3.1224523047304444
155 195 0.94256477668543459
169 195 -4.8032145496036938
174 195 -12.33435256543064
58 196 -8.753085602795915
66 196 -7.7044172822159984
71 196 -8.233667381034488
76 196 -7.8102326569414346
103 196 -2.1425177872638614
109 196 -7.1086020374865644
116 196 -3.7419692148569186
132 196 -4.1801790113140562
160 196 -2.8277147043948032
51 197 -3.3425447932652439
52 197 -6.1808005500223953
59 197 -6.0352707256979308
77 197 -5.4823718487264932
87 197 -4.2031687975546488
89 197 -3.7578338357245005
90 197 -2.9274957619656226
92 197 -3.3329608700737867
94 197 -2.3867746831095533
99 197 -0.18173868994404369
104 197 0.56182512111154592
119 197 -2.2720837510606398
127 197 -2.2707254464310997
165 197 -4.9017084497744259
182 197 -3.8930520176162098
49 198 -2.4743484921314671
52 198 -4.1354449334730576
55 198 -4.1102307410401906
58 198 -1.8051130518109304
59 198 -4.6433688085680815
69 198 -3.7348198314682555
74 198 -4.269521064024997
97 198 -1.1547062022371715
101 198 1.0502888713470444
105 198 1.7938114380559855
122 198 -1.0376583507276307
164 198 1.1201002666191016
184 198 -2.6586266172832009
58 199 -5.9739952026053684
83 199 -2.6378621408744913
91 199 -2.588062501006295
99 199 -3.6092791658729539
103 199 -1.6887295451984363
116 199 -2.2957454649139151
132 199 0.49740625576670067
133 199 -3.7648702206888052
138 199 -3.3499693314693859
160 199 -2.0702762477182435
196 199 -11.640086251144517
51 200 -8.51950557483128
52 200 -10.544136240770285
59 200 -11.044065388014081
107 200 -8.2155709292651888
114 200 -7.3476639817142591
127 200 -7.2144094781570161
134 200 -8.8176020634891934
165 200 -9.4597013697223584
182 200 -4.1592995728775879
197 200 -16.717833856195089
100 201 -8.0337554591800551
108 201 -7.5801254772969306
115 201 -6.6801913013255998
135 201 -8.1937769227579853
51 202 -5.0139416071535123
52 202 -4.9308850046496353
59 202 -4.5922088390704392
92 202 -4.1109610910124159
118 202 -3.7212902453400249
134 202 -1.0063249089838631
141 202 -5.9328770931823822
158 202 -2.7452925619940731
162 202 -3.54702287463817
101 203 -5.520325050813268
135 203 -1.4315957262195913
159 203 -3.1976265604339571
163 203 -3.9992782297045353
97 204 -4.3875099142134655
102 204 -5.5684110811877296
105 204 -3.6829534912391386
110 204 -5.123243004526465
117 204 -4.2553360569755352
122 204 -4.1629574815984514
164 204 -4.0576082133517914
184 204 -1.0713523285285245
198 204 -13.630568911720916
49 205 -4.5997759053409952
59 205 -6.9175466309503886
60 205 -3.869690943492039
74 205 -6.5092334207107161
75 205 -3.488483172473225
79 205 -3.463610835417438
89 205 -4.5817866230346489
92 205 -4.1520960243459974
94 205 -3.1553265367925203
99 205 -3.1332246097201337
103 205 -5.413683874507214
104 205 -3.1113760906976333
116 205 -3.0255363459014366
125 205 -1.314655699971941
127 205 -2.8571547887474869
130 205 -1.541573531474675
133 205 -2.8406732654045217
138 205 -2.8257176035454696
157 205 -2.704946313137397
66 206 -6.2829499527463275
71 206 -5.9725266767949128
76 206 -5.9511137017580387
90 206 -5.7840562586957578
95 206 -5.6186459013360848
104 206 -7.8794519041965669
107 206 -5.5071406969960979
111 206 -5.495563496827689
128 206 -5.2530594650245481
134 206 -5.2366866203958962
142 206 -3.4801227804519494
158 206 -5.0938596170074275
51 207 -8.0605295014471334
65 207 -8.0727235584957828
96 207 -4.9365108033141345
100 207 -4.9141034164556094
108 207 -4.8626587586587791
112 207 -4.8410587074278766
124 207 -4.6584956186890327
129 207 -4.6416882721458999
135 207 -4.624949593065204
159 207 -4.4987564459466585
69 208 -8.4606764628376503
97 208 -5.7716579279126181
105 208 -5.7277896457456734
164 208 -5.3151462062125185
97 209 -7.5230619718885121
122 209 -11.873637374960939
29 210 -5.6783133539846355
49 210 -4.561977615624806
50 210 -4.4913666690858687
65 210 -3.8044547908608055
68 210 -3.7790637447241022
73 210 -3.4648499434818261
78 210 -3.4455709205210421
98 210 -3.0388206150075723
102 210 -3.0167682981715505
105 210 -5.3766454875891903
106 210 -2.994970186655713
110 210 -2.9865552453204818
126 210 -2.7441353188515074
131 210 -2.7276497125463735
101 211 -10.699457971228131
104 211 -9.868289474397459
140 211 -7.3904195498861718
144 211 -7.3551931430840671
171 211 -7.0585613801929616
183 211 -6.8945118279717104
189 211 -6.8689321287869252
192 211 -6.8423870529917901
196 211 -6.6898341676479118
85 212 -6.6929485166475153
141 212 -7.9781975783773138
145 212 -5.9262561437320986
147 212 -7.5481165761647562
160 212 -5.692580846127905
165 212 -5.6697402012285707
175 212 -5.4639845886182172
86 213 -2.4176570482483051
89 213 -3.5817238744708519
90 213 -2.7445420293138936
92 213 -3.1500071374220577
95 213 -2.1310985135482809
102 213 -4.9436393470793263
103 213 -2.0797023288581675
106 213 -4.9179580856153189
117 213 -3.1927117711721187
127 213 -1.7498812141781768
132 213 -1.7248247347694026
133 213 -1.7248247347694026
140 213 -1.6755805694372805
142 213 -3.7029061099781027
144 213 -3.9535497683269329
145 213 -1.6509646753328875
146 213 -1.6509646753328875
154 213 -1.4847868332119054
161 213 -1.4172893777286939
165 213 -1.3944487328293604
173 213 -1.3505043144197337
176 213 -1.1886931202190061
182 213 -1.1525554546648928
190 213 -1.1351544510620899
194 213 -1.1182041375543132
197 213 -0.96153657669179537
205 213 1.1994159115993606
85 214 -5.3156874601838711
141 214 -4.5266465648455378
147 214 -4.5120918168392876
185 214 -3.9765836959225314
149 215 -2.7791680827220766
163 215 -2.5435338912953549
179 215 -2.3149376337856671
106 216 -3.7981550692049688
135 216 -1.4159519345753819
143 216 -1.3696977016795735
149 216 -1.3473924696775488
150 216 -1.3468518671103764
159 216 -1.1306315931540725
180 216 -0.87982032002498523
184 216 -0.84368265447087198
198 216 -0.65266377649777452
208 216 1.5082887117933814
83 217 -3.7023648757755487
85 217 -3.7072262594777912
141 217 -5.7954059211375704
145 217 -2.9349940035136695
147 217 -5.3650596627520013
160 217 -2.6949621860471598
165 217 -2.6765204498584727
175 217 -2.8661750122047738
212 217 0.40323142974619292
213 218 -4.3209204575315265
99 219 -8.073418955375482
141 219 -7.6075006344010587
145 219 -7.6148091456271079
147 219 -7.5826194841236543
148 219 -10.01541013277264
162 219 -8.1562428722841283
165 219 -7.3563355919719111
170 219 -7.2768007417591525
175 219 -7.1405250462100476
188 219 -7.0531171058823903
191 219 -7.0350989163190629
149 220 -9.2819771887961107
163 220 -7.4115281274852745
171 220 -6.4892048965843356
177 220 -6.7616471993414615
189 220 -6.2910888678010863
192 220 -6.2634759159504005
124 221 -2.705281315138905
135 221 -2.6548636643142558
143 221 -5.4617214289761629
150 221 -5.0331452301257897
159 221 -2.7806201287463503
168 221 -2.3157605341675338
171 221 -2.2409135404811877
172 221 -2.2518340720711567
178 221 -2.5198121734001111
183 221 -2.0693809088094515
193 221 -2.0244376457086859
207 221 -0.13094509787001191
215 222 -2.2513281643635685
149 223 -4.2146267975975702
164 223 -3.963953080074857
174 223 -3.8521261048445283
179 223 -3.729337629518076
181 223 -4.0877126211312724
185 223 -3.644271514481972
195 223 -3.6078486233891138
209 223 -1.7170278663390532
59 224 -6.7756842034780895
74 224 -6.3618739781862015
100 224 -2.9753962134750305
120 224 -2.6995189866225364
124 224 -2.6411639747773301
140 224 -2.5112449563293628
144 224 -2.481386044525268
145 224 -2.936066661858451
151 224 -2.3052578105567325
152 224 -2.3404744522817089
173 224 -3.4263874435918629
177 224 -2.0041186009372862
183 224 -1.5065567993032463
184 224 -4.9636979022823571
196 224 -1.6448542274185656
199 224 -1.5443961299498286
205 224 -4.009490662582925
85 225 -5.1508847189037983
141 225 -4.3498709537264126
147 225 -4.3341969583430213
185 225 -3.0993355970995462
86 226 -3.8879345623279535
92 226 -3.7792705252839403
125 226 -3.2325211567197556
141 226 -3.0882618647074587
142 226 -3.0771571246142106
147 226 -3.0725878693240678
148 226 -3.4074960438672375
154 226 -2.925117090507892
155 226 -2.8259027017905374
162 226 -2.76272332741841
181 226 -2.4929885012110407
186 226 -1.9959605273565635
202 226 -2.0343093286135736
139 227 -9.6047459965821762
143 227 -8.3694088258986792
149 227 -8.3459843465195149
150 227 -8.3454437439523428
179 227 -7.8280398257561057
180 227 -7.8280398257561057
198 227 -7.4829680623676493
204 227 -7.3693606531586386
210 227 -9.8149177926741196
101 228 -7.8008164327826846
104 228 -6.969349106715387
125 228 -7.4636089803012382
140 228 -5.2993507096711365
144 228 -5.2735500689532078
149 228 -6.1242074931186661
164 228 -7.8880010420836335
171 228 -4.9492290859384998
177 228 -4.7814653495377435
183 228 -4.7363503492405918
189 228 -4.7061651218805913
192 228 -4.6747240818879696
196 228 -4.4149342166410364
199 228 -4.3031718233841909
211 228 -13.85677873683445
86 229 -4.3121016180572758
98 229 -6.0492937927549839
102 229 -6.0233134678553935
106 229 -5.9973333771547619
107 229 -4.7548055994244018
114 229 -3.865041757664371
126 229 -6.0905467204781889
132 229 -3.6064018012048846
134 229 -5.2282622336375431
139 229 -5.2024746363668548
140 229 -3.5550206050121709
142 229 -4.7714159293366647
144 229 -5.8318050572882889
145 229 -3.5309259672448743
146 229 -3.5327343613085409
161 229 -3.2790548621852471
165 229 -3.2577985420617441
173 229 -3.2089537522827327
176 229 -3.0172908076728779
182 229 -2.9733916514565744
190 229 -2.9514542243125961
194 229 -2.9319572578651965
197 229 -2.6666869714284509
200 229 -2.5400405799093155
205 229 -2.5456863344805218
213 229 -12.116350398320588
85 230 -3.8703502572316681
141 230 -3.0688061573445795
147 230 -3.053066662724794
185 230 -2.4260830778914668
214 230 -11.599196430357273
149 231 -5.2917018929538662
163 231 -5.0327546674834753
179 231 -4.7709906129711062
215 231 -13.872971667012578
50 232 -4.2287862853189626
102 232 -3.1472034867397154
106 232 -3.1212233960390838
110 232 -2.689625834525053
117 232 -1.7998619927650226
135 232 -1.5412220363055362
143 232 -1.5026638724421839
149 232 -1.4791738938266243
150 232 -1.478633291259452
159 232 -1.2422066892410712
180 232 -0.95211104277352954
184 232 -0.91071240006804355
198 232 -0.60469001991480642
204 232 -0.47486081500996719
208 232 -0.48459254423434711
216 232 -10.057101967169183
100 233 -3.1961493383983322
104 233 -4.8147068133683977
105 233 -5.6202734873561617
124 233 -2.8612688259804502
125 233 -5.3086634648605013
140 233 -2.7309255340731782
144 233 -2.6996880910546381
149 233 -3.9689910172662271
151 233 -2.5223807321061158
164 233 -5.4838798961736464
171 233 -2.3740397865064433
177 233 -2.2179636423345164
183 233 -2.1723617245082969
189 233 -2.1419110267865
192 233 -2.1101879429430332
196 233 -1.8443131515020943
199 233 -1.7215370505597383
211 233 -4.0293602802742887
228 233 -24.144654715813708
86 234 -2.6244780559615761
89 234 -3.383128528217501
90 234 -2.5459360587979867
92 234 -2.9514011669061513
95 234 -2.3368962417328558
98 234 -4.769686890381843
102 234 -4.7437004501283191
103 234 -2.2849214913656994
106 234 -4.7177121400146866
107 234 -3.4751738783909687
110 234 -4.2861040946072979
114 234 -2.1798987999144521
117 234 -2.9908290161307809
126 234 -4.8106222612443652
127 234 -1.9470012926628137
132 234 -1.9209166891236333
133 234 -1.9209166891236333
134 234 -3.9482422296644555
139 234 -3.9224004964918024
140 234 -1.8694232690527151
142 234 -3.4912837014853726
144 234 -1.8435594365405534
145 234 -1.8435594365405534
146 234 -1.8441020088737663
154 234 -1.6662520775920311
161 234 -1.5924782556853336
165 234 -1.5681196116151934
173 234 -1.5189940783144713
176 234 -1.3288101566765644
182 234 -1.2837420666299075
190 234 -1.2614700644900929
194 234 -1.2394703504460882
197 234 -0.96935227597440621
200 234 -0.83342686329177651
205 234 -0.82675217028239389
213 234 -3.1741615672242212
229 234 -23.275345667361655
85 235 -1.4266998627718197
141 235 -0.62468065933564931
147 235 -0.60887797292163004
185 235 0.0029200009086668977
214 235 -1.9014512618925188
230 235 -21.988683599823084
149 236 -3.7321062869770092
163 236 -3.4769705283161767
179 236 -3.2133024293074075
215 236 -5.0598195823741312
231 236 -25.159837939992499
19 237 -4.1698798244653172
29 237 -4.6879754577775463
35 237 -4.3878967807011113
37 237 -3.9590203262458217
41 237 -2.2255119823486806
49 237 -1.5221102105639883
50 237 -2.7370821693723686
58 237 -0.86652948109919725
59 237 -3.299320129748184
97 237 -0.06307271618223359
102 237 -1.6569224803583749
106 237 -1.6309341702447424
110 237 -1.1993261248373539
117 237 0.095948953639162615
122 237 0.25159435590595741
135 237 0.3549310644299814
143 237 0.40007696922928532
149 237 0.42363013963907864
150 237 0.42417074220625101
159 237 0.65894888001638252
180 237 0.94703759687705036
184 237 0.99210568692370726
198 237 1.3064954775792086
204 237 1.4424208902618383
208 237 1.4487255462625066
216 237 -0.90074145504188952
232 237 -20.999497913808042
85 238 -4.9301937617069358
141 238 -6.2017244298865091
145 238 -4.1484762858257866
147 238 -5.7703367182584442
160 238 -3.8965354298428663
165 238 -3.8715197539271684
175 238 -3.6310667793191529
212 238 -5.1744329586618907
217 238 -12.680567950499515
86 239 -2.3170747931316948
89 239 -3.4812162205492498
90 239 -2.6440347148260757
92 239 -3.0494998229342398
94 239 -2.0295610770217363
95 239 -2.0295610770217363
98 239 -4.8678168337788872
102 239 -4.8418263152287597
103 239 -1.9775761505769549
106 239 -4.8158319073341058
107 239 -3.5732853853307565
110 239 -4.3842156015470861
114 239 -2.2779714750849291
117 239 -3.0889016913012579
126 239 -4.6604841071945557
127 239 -1.6393450947441983
132 239 -1.6132139659839013
133 239 -1.6132139659839013
134 239 -4.0460046146328885
139 239 -4.0201127724964163
140 239 -1.5616165342631407
142 239 -3.5889420748039629
144 239 -1.5356939307432405
145 239 -1.5356939307432405
146 239 -1.5356939307432405
154 239 -1.3578425937396355
161 239 -1.283753074760321
165 239 -1.2583619091183258
173 239 -1.2087978501712677
176 239 -1.0182844242366076
182 239 -0.97275508553334733
190 239 -0.95023156588159319
194 239 -0.92783600628101803
197 239 -0.65208612871445437
200 239 -0.50578716167229976
205 239 1.5650389320687665
213 239 -2.561171363863322
218 239 -10.067785595416971
229 239 2.1005578940919798
234 239 -22.924267989363074
97 240 -2.3743143816362609
149 240 -1.8815692502185399
163 240 -1.6285063793748453
179 240 -1.3630377288511319
215 240 -2.9059246684778466
222 240 -10.413449904082716
231 240 1.7558045894774552
236 240 -23.269021293977602
208 241 -0.35013746900605686
216 241 -4.4763477649381453
232 241 0.18538149301715595
237 241 -24.839444390437897
85 242 -6.2869733166890098
145 242 -5.5030680926828452
160 242 -5.2496524224871619
165 242 -5.2269925988994972
175 242 -4.9824872998094056
212 242 -1.9256235657513463
217 242 -6.7808528510336847
238 242 -26.888732663814999
86 243 -2.1971898506767564
94 243 -1.909761152370077
95 243 -1.909761152370077
103 243 -1.857770067312706
126 243 -4.5404419964028779
127 243 -1.5192650411291941
132 243 -1.4930912475825684
133 243 -1.4930912475825684
140 243 -1.4413979845193134
144 243 -1.415421020962178
145 243 -1.415421020962178
146 243 -1.4154781883962033
154 243 -1.2370625961933408
161 243 -1.1626770305724277
165 243 -1.1375943005491893
173 243 -1.0879545131432504
176 243 -0.89551190789467139
182 243 -0.84954711519318327
190 243 -0.82678609165413164
194 243 -0.80413815782811771
197 243 -0.5229516695739882
200 243 -0.77237283685287572
205 243 1.2742563458191691
213 243 2.1638579899194061
218 243 -2.6938774591189505
229 243 -12.046261628331338
234 243 2.2451453905173282
239 243 -22.799961171877793
230 244 -16.419186781109907
235 244 -2.1277797622612424
149 245 -2.4453065265698668
163 245 -2.192553228130071
179 245 -1.9253881054523148
215 245 1.1344263289265926
222 245 -3.7237536566765939
231 245 -13.076137825888983
236 245 1.2152691929596835
240 245 -23.829162008853082
216 246 1.6802589572319504
232 246 -12.530305197583624
237 246 1.7611018212650422
241 246 -23.283329380547727
124 247 -11.509225519717324
132 247 -11.283372191510466
137 247 -11.257017787036991
159 247 -11.159996617784717
163 247 -11.135084776621994
187 247 -7.6346197435086198
201 247 -8.4268966650886448
125 248 -7.4606611004849608
140 248 -4.3194516367263613
144 248 -4.281771666259738
151 248 -4.0578206658111728
164 248 -7.0698312785140294
171 248 -3.9576405098718643
177 248 -4.2042867890614577
183 248 -4.157377491370073
187 248 -3.6450359975853952
189 248 -3.7207486126445271
192 248 -3.6882678044256152
196 248 -3.4060684861320278
199 248 -4.0649519984848146
211 248 -1.3763652292143105
228 248 -1.8961227144810069
233 248 -14.90165417898622
214 249 -3.5564299861880477
230 249 -4.0577701753254427
235 249 -17.076482033768624
244 249 -27.853561221923172
49 250 -4.7952878296501149
86 250 -3.6331021123161573
92 250 -3.5246200236952303
125 250 -2.9766335940972963
141 250 -2.8314201205594225
142 250 -2.8216183887217587
147 250 -2.8154541897828751
154 250 -2.6652816686779239
158 250 -2.566833203700388
162 250 -2.5420986550415785
169 250 -2.5164834633507924
173 250 -2.5234146938107833
174 250 -2.4668262278479371
181 250 -2.6788023204193667
185 250 -2.2269617423993795
186 250 -2.6324268505075441
190 250 -2.2576515394220609
194 250 -2.2371148047483711
195 250 -2.1810906214324275
202 250 -2.5405108282327133
122 251 -10.579989981227261
145 251 -9.4425088446946663
149 251 -10.255881313389253
160 251 -7.5447175575946321
171 251 -7.033291892045809
177 251 -7.6842258701054114
187 251 -6.6977488969572372
189 251 -7.2000905488156635
192 251 -6.7619205332874897
58 252 -5.8005772979684718
90 252 -5.6117610359084358
114 252 -5.2457728373533561
136 252 -6.1761103976532095
145 252 -3.291146807810077
162 252 -6.0274831450947808
165 252 -3.0134176443410894
173 252 -2.9633248124746356
174 252 -5.9515002759745173
175 252 -3.1710023626719863
190 252 -3.1012522120831045
194 252 -2.6750262701001528
196 252 -2.3772845424401319
199 252 0.043029287532345639
212 252 0.30506769543502504
217 252 -3.996844785168185
97 253 -2.261299234164126
98 253 -5.2570315077181169
110 253 -5.0213994650179705
117 253 -3.7260105220882793
139 253 -4.6563480823881331
149 253 -1.7669702919022245
159 253 -1.5368145944008396
163 253 -1.5119885562757134
164 253 -1.9174536643838778
179 253 -1.6471944266518292
203 253 1.562791602797422
215 253 1.8323170732165599
222 253 -2.4751822478614343
122 254 -7.8697120873848094
145 254 -7.5427311598339193
149 254 -7.7026499291090191
151 254 -4.3873903222298454
160 254 -5.6436804076758058
171 254 -4.3207366725364391
177 254 -5.7804272438381199
187 254 -3.9333288436929843
189 254 -5.2951858456781737
192 254 -4.8566004353999865
251 254 -0.83486845547950828
101 255 -7.1498856278263174
109 255 -7.1032085768379991
132 255 -3.7323176162178622
140 255 -3.6695998530573886
143 255 -6.710555455889728
144 255 -3.6317924199199276
146 255 -6.5286012032351355
150 255 -6.6861709758793966
151 255 -3.3714519715673945
161 255 -4.6348015726043643
168 255 -4.1960741257328715
171 255 -3.3047983218739883
172 255 -3.3157188534639572
178 255 -4.7709452233374661
183 255 -4.3110127638749027
187 255 -2.9413512520580323
189 255 -3.8737823869075583
192 255 -3.4351969766293715
193 255 -3.8499151705989694
196 255 -3.5446898805189995
211 255 -1.255153538395434
58 256 -4.3225491741694011
141 256 -3.0489301740696688
147 256 -3.0227756345241414
148 256 -5.8610313912812924
162 256 -3.9837235995228091
173 256 -2.7127298580962034
174 256 -2.6907575527038374
181 256 -4.1161679935504605
185 256 -3.6632256920292563
190 256 -2.4419124497520595
194 256 -2.4207362211272589
195 256 -3.2106484707612308
214 256 -0.64509437210542675
140 257 -5.0980652422599162
144 257 -5.0715182389350559
145 257 -5.1168195833194021
149 257 -5.9301920520139921
151 257 -4.8895606089010011
171 257 -4.7348712109752702
173 257 -5.5934515396285116
177 257 -4.5605021927096567
183 257 -4.5105642294690105
187 257 -6.76118063568431
189 257 -4.4777438454480976
192 257 -4.4434998987532337
196 257 -4.1231992868077789
198 257 -6.9853142299144126
199 257 -3.9040660414216695
205 257 -5.8632852200324566
211 257 -1.0892536279436986
228 257 -5.7945512345491768
233 257 -6.0644819439361797
114 258 -4.5857669081849606
136 258 -5.1095341489866577
141 258 -5.0834566004434762
147 258 -4.6516540944923417
162 258 -6.4204286212921584
174 258 -5.1259372827488843
175 258 -3.7073121140393988
186 258 -6.4961637353354664
200 258 -3.0519192611414021
206 258 -4.9916010466345746
213 258 -0.26657803882073577
218 258 -5.7787637152604363
229 258 -4.96120559308482
234 258 -5.2408764133491994
239 258 -12.470324710194513
141 259 -3.2982188149056992
147 259 -3.2819425631608707
185 259 -2.4648706025140439
214 259 0.7374209480792473
230 259 -3.9264859141671402
235 259 -4.2229256642423438
209 260 -7.0472534287551634
215 260 -2.3246939091900485
222 260 -7.8402482933556037
231 260 -7.0168579752054088
236 260 -7.297826541199445
240 260 -14.529046635508056
117 261 -2.1172282996731044
139 261 -2.6409955404748011
179 261 -1.2396899429893686
204 261 -0.58338065262954641
210 261 -2.5230624381227185
216 261 2.1968309002869959
232 261 -2.4926669845729639
237 261 -2.775039832870184
241 261 -10.00802392853198
185 262 -10.507135739018954
212 262 -7.0978841174393992
217 262 -7.2273383830201228
238 262 -9.067880665772158
242 262 -16.29558560466673
114 263 -3.3657866971798649
136 263 -4.2950117872179012
141 263 -4.2689214531395248
144 263 -3.0261733629007734
147 263 -3.8371035791171022
162 263 -5.6055690101498872
174 263 -4.3109135468827091
175 263 -2.486179626236555
186 263 -5.4322893344651231
200 263 -1.8226181849132495
205 263 -1.7309762057165132
206 263 -4.1637668543655
213 263 -2.023307125155184
218 263 -2.1524919784662906
229 263 0.86473563474683246
234 263 -3.7146823587232989
239 263 -3.9935344975054656
243 263 -11.220739200112899
258 263 -24.085545330343194
214 264 -5.6084303293491784
225 264 -6.4006813148100568
230 264 -2.6872826262711667
235 264 -7.2851932715160208
244 264 -14.823206396493356
259 264 -27.221021705036506
209 265 -5.4881489138049355
215 265 -3.3482762628429334
222 265 -3.4794784114366313
231 265 -0.4596464246926027
236 265 -5.0390644181627344
240 265 -5.3191096901374442
245 265 -12.547927335842749
260 265 -25.409927389782631
139 266 -3.8473436633117912
179 266 -2.038511502330445
210 266 -3.71609873045939
216 266 -1.5770245230600606
227 266 -2.8175368162106351
232 266 1.3124037586529422
237 266 -3.2670142348171889
241 266 -3.5483600528555419
246 266 -10.778957922762368
261 266 -23.637877206437082
151 267 -3.4145352284728054
160 267 -6.4487209203272942
163 267 -6.4616243323828613
171 267 -5.3719235481461451
187 267 -2.9426838959024613
189 267 -6.087713448055788
192 267 -5.8957432467067772
100 268 -6.1912866012026866
124 268 -5.8516831578860167
141 268 -7.3690673270219005
147 268 -6.9372364514591869
149 268 -5.7209132983345761
162 268 -8.4574330696999471
164 268 -5.4617007961459567
171 268 -5.3832878452983719
173 268 -5.3832878452983719
174 268 -7.410613385839194
177 268 -5.1798083699438333
179 268 -5.1798083699438333
189 268 -5.1051034051013326
190 268 -5.1051034051013326
192 268 -5.0802044828365212
194 268 -5.0802044828365212
195 268 -7.9184602395936725
209 268 -7.408759706671578
49 269 -7.4303729546463622
102 269 -5.9073665556631125
125 269 -5.6325234517330971
126 269 -5.5677631123464426
141 269 -5.4863068583992201
147 269 -5.4700022370428121
148 269 -6.6533164059196128
173 269 -5.1695645993966375
174 269 -5.1129761334337918
181 269 -4.8958883244042593
185 269 -4.8460589394055837
190 269 -4.888076509131726
194 269 -4.8655268981247781
195 269 -4.7962844372969471
202 269 -4.6300143116148016
175 270 -2.3771679701885557
186 270 -5.3228798988157546
213 270 -1.7616752800638533
218 270 -1.8635562898981193
234 270 0.32546880951831642
239 270 1.0224874417026322
243 270 -3.5562148541316523
258 270 -13.186800716567452
263 270 1.0992187025968576
225 271 -0.3711526285611218
235 271 -2.6390319237507582
244 271 -6.5521864660892755
249 271 -6.8426461289191431
259 271 -15.749234645577976
264 271 -1.4621342864423617
222 272 -3.2973889301091273
236 272 -1.1079434199157872
240 272 -0.40976402224992997
245 272 -4.989221536933786
260 272 -14.620633356778461
265 272 -0.33353299764284611
179 273 -1.5436327804361381
227 273 3.0248164902018186
237 273 1.1594244100476385
241 273 1.8576038077134958
246 273 -2.7217738487031427
261 273 -12.353265526815035
266 273 1.9338348323205801
122 274 -7.0920613055336963
145 274 -5.5476561302356151
149 274 -6.3610285989302042
151 274 -3.6255933505714855
160 274 -3.6444485211847644
165 274 -6.4800610987461944
171 274 -3.5357925510707036
177 274 -3.7709859300926554
187 274 -3.190053034664595
189 274 -3.2815300484903989
192 274 -3.2468184185060793
251 274 -4.6965430568241198
170 275 -9.7802484410188555
173 275 -7.7579465535836798
190 275 -7.4748127938419895
194 275 -7.452045237402892
195 275 -10.443708196661246
196 275 -7.113280741597575
199 275 -6.862997006236851
212 275 -6.8686460008816459
217 275 -6.9557475222807863
238 275 -8.2519675447069982
242 275 -8.4632288833131035
252 275 -8.9795828129637414
58 276 -7.7099076816051753
148 276 -8.0080887329359669
162 276 -6.1266240842847459
173 276 -6.1026044906613812
174 276 -6.0479458024910802
181 276 -6.2488590510579733
190 276 -5.8194707309196909
194 276 -5.7967031744805926
195 276 -5.742998825120301
230 276 -6.5919330008159882
235 276 -2.4496824694056474
244 276 -6.7562485800790046
249 276 -13.917476920308648
164 277 -4.0654466738589772
174 277 -6.0140939326061336
203 277 -3.0968424978241273
215 277 -3.0975375869009278
222 277 -3.1895930138680626
236 277 -0.38850505897987869
240 277 -4.4813383704423035
245 277 -4.6951697861220492
253 277 -5.2134283045510177
160 278 -7.7198269888094115
165 278 -10.307414978845561
171 278 -7.2055885824773824
177 278 -7.8457619610584581
187 278 -6.8355994469236183
189 278 -7.3560436249465848
192 278 -6.9157668093501696
251 278 -8.0576602884504673
254 278 -15.544735870165646
274 278 -28.47236354348215
124 279 -2.6373178593672502
140 279 -2.5054040626570506
143 279 -5.5463596654893905
144 279 -2.4673605858154288
146 279 -4.5532391529143084
150 279 -5.3642626249780578
151 279 -2.2225668745754108
161 279 -2.6550897279939116
164 279 -5.2491157012597611
168 279 -2.2156670851420781
171 279 -2.133791806070874
172 279 -2.1447123376608426
177 279 -2.3685000765437856
178 279 -2.7804215148137472
183 279 -2.3175983493462478
187 279 -1.7860761907502738
189 279 -1.878781740431912
192 279 -1.8439700329436615
193 279 -1.8532231188050952
196 279 -1.5111646908666772
199 279 -2.0810498838728293
211 279 0.71362904596461418
228 279 0.20317395675258171
233 279 -2.6534840147215562
248 279 -2.7658792725160186
255 279 -10.495212613992301
141 280 -8.413163639582919
147 280 -7.9813079482250657
149 280 -5.9592581372013456
171 280 -5.6153896441653242
177 280 -5.4103526760750142
179 280 -6.2212828922913426
189 280 -5.334811971432849
192 280 -5.3095950262319569
209 280 -7.6087607514538229
58 281 -5.638717627473822
148 281 -6.3570260646882364
162 281 -4.4753684786401289
173 281 -4.032221573895848
174 281 -3.9911077606284944
181 281 -4.5970010087545141
190 281 -3.7483402510955011
194 281 -3.7254726171524726
195 281 -3.6853131426951284
214 281 -1.1476685114731504
230 281 -1.6397063045558826
244 281 -4.4601726223606324
249 281 -4.6733402350392588
256 281 -12.438808019013036
276 281 -25.323792128365554
65 282 -7.3615110249506452
126 282 -8.8695055926071618
134 282 -8.8173756081193488
140 282 -5.769262077435525
144 282 -5.7428674165151792
158 282 -8.5042768505489121
173 282 -5.4148164376146237
190 282 -5.5357070400146977
194 282 -5.10728074161731
196 282 -4.7584090380644115
197 282 -5.1723688331238025
199 282 -4.5005299677441153
200 282 -5.7189087220503909
205 282 -4.8070832431999087
212 282 -4.4017508362871292
217 282 -4.4691754733568683
252 282 -6.0632441997141413
141 283 -7.2765713333584774
145 283 -7.2772676607852862
146 283 -7.2790760548489528
147 283 -7.2501766724381316
148 283 -9.6829673210871192
170 283 -6.9113109221051694
175 283 -6.7317541355301058
176 283 -6.7281042557425934
188 283 -6.630040066464951
191 283 -6.6047295649178643
197 283 -6.2928379659059042
200 283 -6.0284476386161625
202 283 -7.6296996560997252
206 283 -6.3048729192803643
219 283 -5.9707437153106353
116 284 -8.5486070031310994
125 284 -9.7100240809788243
133 284 -9.661002477315412
138 284 -9.4790882386063142
149 284 -9.0217064982127066
171 284 -6.195887198032473
177 284 -6.4301470829199392
183 284 -6.3790878151047306
189 284 -5.9401839494857667
192 284 -5.9052786856513215
201 284 -5.2240411222461276
203 284 -6.9600640745628617
207 284 -5.6120033350866425
208 284 -8.2255911214865112
220 284 -5.2187513604454345
118 285 -6.0944368677250527
143 285 -4.2116291761880218
149 285 -4.1875451773700449
150 285 -4.1870045748028719
174 285 -3.7942717259722767
179 285 -3.6310265834524302
180 285 -3.6248502367128546
181 285 -3.9942514804046856
185 285 -3.5382609322608745
186 285 -3.9437260403690391
195 285 -3.4876903687849716
198 285 -3.1928706043952682
204 285 -2.9234172968409795
209 285 -2.782368615039307
210 285 -3.1878337231474716
223 285 -2.8537045191777426
165 286 -8.960597078895093
171 286 -5.8586282302092192
187 286 -5.452972942788457
192 286 -6.3782059976012055
251 286 -2.776645916016609
254 286 -6.6083923229677399
274 286 -16.295091634300316
278 286 -1.9688050534285713
170 287 -9.7975681136366681
195 287 -9.4902428200061699
217 287 -3.9289356067928916
238 287 -4.4252645021960868
242 287 -7.2925501666541175
252 287 -3.8114699687559823
275 287 -17.3270493140637
256 288 -9.8645722984334014
276 288 -19.497286945931087
281 288 -5.194502421148341
141 289 -4.7407251453264161
147 289 -4.724389493664507
148 289 -4.5926852864736532
202 289 -2.4726416303428862
174 290 -6.7650282834504534
222 290 -0.88455639063777802
240 290 -1.3754495117802048
245 290 -4.2463193436537905
253 290 -0.76899097464254318
277 290 -14.282723079841702
124 291 -10.955603146794655
171 291 -9.2346856837671591
187 291 -7.6090174438126974
189 291 -10.19110537106102
192 291 -9.7501261361690599
196 291 -9.8065787761657557
201 291 -6.9969852485249566
203 291 -10.111957683517474
247 291 -6.864796361327592
165 292 -6.2979962909896345
190 292 -6.7675833928371185
194 292 -6.3385482314903818
197 292 -6.3895204502972645
198 292 -6.9446594495851341
204 292 -6.6498218725868181
211 292 -1.0688909932809099
224 292 -0.64481460792441037
228 292 -3.4518328358762775
233 292 -0.26253147615799571
248 292 -3.6496678984258955
257 292 -0.6596862183925023
225 293 -3.9391358038989783
235 293 -3.9950910013685976
244 293 -4.3008800577544086
249 293 -7.4488358786180138
259 293 -3.9330894650045334
264 293 -8.5317701670573207
271 293 -16.07035029415087
181 294 -2.4786847292603182
202 294 -1.7390198910021502
226 294 1.2403877701609893
250 294 -1.8348490559053809
83 295 -4.1613977145311942
84 295 -7.1617523397944316
145 295 -4.2420458510420991
149 295 -5.0554183197366882
151 295 -3.157407825852355
160 295 -3.1489404506869501
165 295 -5.1733832767919701
171 295 -3.0394733974954673
177 295 -2.8653908802347314
179 295 -5.8688384346230533
187 295 -2.7145393163949989
189 295 -2.7792086361840829
192 295 -2.7436487704050125
251 295 -2.074502889347078
274 295 -11.142918173526596
143 296 -10.270177283964918
146 296 -9.0291187637603585
150 296 -9.8401422358241071
161 296 -7.9412644849325504
172 296 -7.8356584477400277
178 296 -7.6571117290511204
180 296 -10.647926606538071
187 296 -7.5180315398111732
193 296 -7.5381663749210386
224 296 -6.5890826201820385
228 296 -6.6381347898102083
233 296 -4.2351257134401017
248 296 -9.112868441005018
257 296 -8.0137519158985189
58 297 -6.5908884225353797
148 297 -6.0632323847979395
162 297 -4.9918699448424206
173 297 -4.9977691979236871
174 297 -4.9411807319608405
181 297 -4.7040179322555389
190 297 -4.7086331794509171
194 297 -4.6850173872170702
195 297 -4.6045502563459957
225 297 -3.674220144508304
230 297 -3.7113417603823251
235 297 -1.3215130779501845
244 297 -3.8861379156515934
249 297 -6.263050317777358
259 297 -5.0949752753841135
264 297 -5.3089418313851855
276 297 -13.085656998480085
174 298 -8.2403007681984235
195 298 -8.7394335125181435
203 298 -6.0724778097391727
222 298 -5.6052180630914279
231 298 -5.8228666242849219
236 298 -3.4330379418527812
240 298 -5.915386576307065
245 298 -5.9710588342442508
253 298 -6.0988968232327423
260 298 -7.2065001392867103
265 298 -7.4204666952877822
277 298 -15.167998024252169
83 299 -2.3930320222153569
84 299 -5.3933866474785948
145 299 -2.8799310667582638
149 299 -3.6933035354528529
151 299 -1.3684435984106202
160 299 -1.3814151266751897
165 299 -3.8113189118900279
171 299 -1.2719294298740518
177 299 -1.0976924540420718
179 299 -4.1011400084303951
187 299 -0.92529559272889061
189 299 -1.0114045696999041
192 299 -0.97580226221122168
251 299 2.8755169090302339
254 299 -2.6378876204990354
274 299 -2.0999003535797995
278 299 -9.32685997392886
295 299 -22.226801269703849
146 300 -6.108097396774637
161 300 -4.6148325782189037
168 300 -4.5806673554507622
172 300 -4.5092078974167267
178 300 -4.330506720156575
180 300 -7.3213215976435242
193 300 -4.2114132840253609
198 300 -6.8705422060409784
211 300 -0.97819098425067108
224 300 -3.202312637888824
228 300 -1.3570350426795439
233 300 -3.2722082899756066
248 300 -3.3771585207288264
255 300 -5.884616805311536
257 300 -0.56849109648812335
279 300 -12.57358915874136
296 300 -25.471386910418136
58 301 -3.8907691499903887
87 301 -3.361015946145244
148 301 -3.7876873770081572
154 301 -2.4478194943599747
162 301 -2.3109143973247135
169 301 -2.2841093029657453
173 301 -2.2992221449836925
174 301 -2.2426336790208463
181 301 -2.0228892825569331
190 301 -2.0098260276481597
194 301 -1.9861677937046991
195 301 -1.9193063763749865
214 301 1.2847083898519722
225 301 -0.93292652141102961
230 301 0.92428162755239951
235 301 -1.0040720136816295
244 301 -1.1067224820145807
249 301 -1.17454000796819
256 301 -3.7037494000938112
259 301 1.7048091848303422
264 301 -2.3879138793443144
271 301 -9.7528712948475302
276 301 -3.1330757503966402
281 301 -10.373580245648647
297 301 -23.22537994136934
90 302 -7.4303968508730396
100 302 -4.2054944919027131
122 302 -6.9259605946963845
124 302 -3.8732617296563663
145 302 -4.9770271110278719
149 302 -5.790399579722461
151 302 -3.4643720068347559
164 302 -6.4851310456981324
165 302 -5.9084821153195968
171 302 -3.3690824689569139
173 302 -5.4504774262703286
177 302 -3.1947134091797289
187 302 -3.0209894780491595
189 302 -3.1083308458672207
190 302 -6.1292612790324181
192 302 -3.072690161200375
194 302 -5.9480881511139545
196 302 -2.7204970943010767
199 302 -2.8498504621398144
251 302 -2.2006413918542975
274 302 -10.803001946550353
49 303 -4.0085374713896593
58 303 -3.3727410504578579
59 303 -3.3247560890615069
65 303 -3.3097319851840918
92 303 -2.7865861221574035
102 303 -2.5211877206958833
117 303 -2.4210528134020999
118 303 -3.6085265677267864
125 303 -2.2475070970555731
126 303 -2.1852921738752999
133 303 -2.198768517371728
139 303 -2.1073031404552025
148 303 -3.2713658728171233
154 303 -1.931398372462253
158 303 -1.8204452718967861
162 303 -1.7946621709219908
169 303 -1.7678549579346725
173 303 -1.7827932628976493
174 303 -1.7262047969348031
181 303 -1.5064926892339476
190 303 -1.493170382646571
194 303 -1.4694737715249473
195 303 -1.4027767269034974
202 303 -1.1626730405840233
214 303 -0.22715098826867625
230 303 -0.3900073886815521
235 303 -0.42393893613527706
244 303 -0.5162569702143982
249 303 -2.8808301012841033
269 303 -1.8499964120457821
276 303 -9.2238278130453342
60 304 -4.0729010832719883
61 304 -4.0907509864377491
141 304 -2.8762103788029418
145 304 -2.8746486998208365
147 304 -2.8499150030982885
165 304 -2.5897940038270559
175 304 -2.324972967351786
141 305 -5.1663592485938068
145 305 -5.1762547483854711
146 305 -5.1780631424491377
147 305 -5.1414878722478914
148 305 -7.1673894134299756
165 305 -4.891400052391691
170 305 -4.8034079660134914
175 305 -4.6265790159164206
176 305 -4.6229291361289091
188 305 -4.5137933225006712
191 305 -4.4877116869812408
197 305 -4.1666878088555821
200 305 -3.8691083122356815
202 305 -5.0557953344619158
206 305 -2.3349898762468095
219 305 -3.2909221194572957
283 305 -5.6443879490881725
89 306 -9.6594051557446541
92 306 -9.6428655688379692
116 306 -7.5356520085827219
125 306 -9.1044230096829857
149 306 -8.0113161694327051
171 306 -5.5900783809102199
173 306 -7.6714733382236346
177 306 -5.4155945469260667
183 306 -5.3632748545102231
189 306 -5.3291247843986271
192 306 -5.2934483865918383
198 306 -7.9599110848205905
201 306 -4.5661209527094471
203 306 -5.8913473318021916
207 306 -3.1473078709302276
208 306 -7.5355158239817595
220 306 -4.0401161294763712
284 306 -6.3620090045110338
89 307 -9.0276830663424477
92 307 -8.5967639464375694
125 307 -6.8157472293507793
134 307 -9.6021957161066958
141 307 -8.7391380936822642
142 307 -9.144603201790428
143 307 -6.7127559258959186
147 307 -8.3073776098694463
149 307 -6.6887712122936342
150 307 -6.6882306097264612
158 307 -9.4468084345892365
162 307 -9.4210269170568317
171 307 -6.3457678306534122
172 307 -6.3457678306534122
173 307 -6.3489283810845638
174 307 -8.778558479302399
177 307 -6.1370038662142008
178 307 -6.1370038662142008
179 307 -6.5424689743223654
180 307 -6.94793408243053
183 307 -6.0852180015779203
186 307 -9.0809502751319116
189 307 -6.0592466270483065
190 307 -6.0592466270483065
192 307 -6.0331649915288761
193 307 -6.0331649915288761
194 307 -6.0353712031500182
198 307 -6.0813866624436788
204 307 -6.6012486390095511
210 307 -8.2453305128919343
149 308 -5.0143414285589101
179 308 -4.4536606274274257
185 308 -4.1480421712432349
209 308 -2.1155656189223588
377 309 -7.9479101874284961
375 309 -3.7290478667799505
371 309 -6.6158330017755045
368 309 -3.8067974902560651
365 309 -3.8921805766506132
362 309 -6.3494638473995648
355 309 -2.7164848182566508
334 309 -7.3057492873809053
332 309 -9.4243785077351117
325 309 -9.4801779089504343
317 309 -7.2310570975214175
381 309 -8.3969369748815943
383 309 -15.936321957087708
164 310 -4.4329213705170432
174 310 -6.3807193668084761
177 310 -3.3336057372680852
179 310 -4.1445359534844144
189 310 -3.2557716838447801
190 310 -3.2604651985927804
192 310 -3.2296582030499037
194 310 -3.2367010290557676
195 310 -6.225390476603895
209 310 -5.4379236324253482
268 310 1.6637095393169263
280 310 -3.8372826044057509
141 310 -6.341183936327031
147 310 -5.909440559724537
149 310 -3.8902056684252804
162 310 -6.6177234278547052
124 310 -4.0122498256542176
101 310 -4.3489961046679264
100 310 -4.3474598031071618
171 310 -3.5424636100513247
173 310 -3.5504607748671977
177 311 -5.7554455327615281
171 311 -5.9323998151372006
149 311 -6.7283211570976631
187 311 -5.6451942276279166
251 311 -6.5783338313871349
217 311 -4.6938917214069154
192 311 -5.6327276584380277
189 311 -5.6685790934420588
179 311 -8.1959514622448459
196 312 -7.2507090396242964
199 312 -6.948669334225209
217 312 -6.2359085254891085
219 312 -6.6413736335972731
238 312 -6.2316969328701566
242 312 -8.5431648752957123
252 312 -8.5726286616074923
256 312 -4.6224228212532896
262 312 -8.9525765938988719
245 313 -4.9234928650930812
253 313 -4.9530518559219923
260 313 -2.959046799456488
203 313 -3.3215116112360232
265 313 -5.3270414515564308
222 313 -2.6169145503528219
223 313 -3.0062294305933741
231 313 -2.584965071069194
236 313 -2.596497575773745
240 313 -2.6084407552519711
149 314 -3.9278207076105991
278 314 -3.3985977828826228
141 314 -5.6859672227940043
83 314 -3.4276835911510308
187 314 -1.9984779266571508
311 314 2.0320607611558326
160 314 -2.4285575567591602
177 314 -1.818388090674284
171 314 -2.3192648025132341
179 314 -5.1480160898932565
189 314 -2.0576712654709719
192 314 -2.021800979830334
217 314 -1.8610594821881383
254 314 -2.8789759265538617
274 314 -1.0199544113408119
295 314 -2.8605236290584055
299 314 -10.088224388783143
151 314 -2.4421534378524323
224 315 -4.3870686170430089
172 315 -6.1709482472976429
300 315 -13.947205180450212
228 315 -2.3448881385164304
178 315 -5.665607334030522
180 315 -8.9826026563481207
292 315 -13.351830393458307
193 315 -5.8718169788862085
204 315 -8.2072846834252768
218 315 -5.705122323274824
257 315 -2.2358284631627412
233 315 -4.3897852588189936
248 315 -4.3936769134585507
255 315 -6.7379567182209286
279 315 -7.2575785745496901
296 315 -6.7195044207254728
148 316 -4.3767423489602679
173 316 -3.7366803559258202
174 316 -3.680091889962974
181 316 -3.0981227189835092
190 316 -3.4462155617221728
194 316 -3.4222893496267575
225 316 -1.8578153231178436
230 316 0.19629570916288402
235 316 -1.8760863516161514
244 316 -1.9196280413096365
249 316 -1.9420139939891006
256 316 -4.3080449062943904
259 316 0.29733899560309535
264 316 -2.184445834729273
271 316 -4.6027250213923896
276 316 -2.4163370083034055
281 316 -4.8085252547481652
293 316 -10.84049009227583
301 316 -11.471449917776317
297 316 -4.2261762962389451
162 316 -3.7182383269172892
195 316 -3.341822218755683
312 317 -14.21727106997219
191 317 -6.0342697114245141
275 317 0.106704405274681
262 317 -0.36453644450394457
256 317 -3.7844401181852612
170 317 -5.5367317743075715
242 317 -2.5272175867988809
238 317 -2.5231953252768693
219 317 -4.2035738490484675
217 317 -2.5817134166158091
188 317 -6.4660165172735073
252 317 -2.5428956535511462
201 318 -6.8233751865551824
220 318 -6.0668244594684957
194 318 -9.6072042747394431
190 318 -10.03660176933057
173 318 -9.1106206764325073
124 318 -8.340857284458588
116 318 -8.9690128054586875
203 318 -7.3093368796988383
253 318 -8.1434097392838325
223 319 -8.4135384762397294
272 319 -7.1101579428468069
260 319 -6.9629832455008458
298 319 -8.7998925767741838
313 319 -18.427235697163454
265 319 -4.5731744796134626
277 319 -4.1039364348657275
223 320 -2.83168738919204
118 320 -5.6024875427079657
126 320 -4.9972242960365172
102 320 -5.341903479208665
204 320 -3.6257052909245906
198 320 -3.9422405485020442
314 321 2.1532065018867028
141 321 -5.6596874025314277
151 321 -2.3705796929189744
274 321 -0.78011675771474431
251 321 -0.4096973363891741
192 321 -1.9962152864340621
187 321 -1.9272272738388874
171 321 -2.2935709033071587
295 321 2.0807410287611767
286 321 -3.2748900431731274
160 321 -2.4027701376842305
278 321 2.2389122611044407
299 321 -2.477182377418564
189 321 -2.0320958212707043
296 322 -3.016795129610371
292 322 -7.1426978092402349
279 322 -2.8632207108317047
315 322 -2.9443198301958913
300 322 -7.5768620798883255
235 323 -0.76625925791763017
271 323 -2.7100706091504216
316 323 0.20166912476994486
301 323 -4.4556353926925141
288 323 -5.317863747127701
281 323 0.21739156054341141
297 323 0.12372767066915719
293 323 -4.0012813215225229
240 324 -3.170220898303326
222 324 -3.4892646691122193
260 324 -3.5306295611597545
313 324 -3.9146658914914396
298 324 -2.7171424595025635
290 324 -8.1129727590796019
277 324 -5.6048079400152062
319 324 -27.714441842987227
272 324 -5.5509407393221437
151 325 -5.8085370961573979
152 325 -5.8085370961573979
177 325 -5.4435653060656808
214 325 -6.9107119735457907
217 325 -0.96592779937292672
238 325 -2.0604846278955793
242 325 -1.3595393088832681
262 325 -4.0007966226284459
179 325 -5.8490304141738463
219 326 -3.7621529107658311
181 326 -8.630283210559476
154 326 -8.6308917011160862
60 326 -9.9950167115256168
189 327 -2.6730836088612588
125 327 -5.8817378763097361
116 327 -4.0619908253732584
46 327 -8.1092595151061069
192 327 -2.6372009850012637
173 327 -4.204940219965847
163 327 -3.0565271411852093
177 327 -2.7599836803879665
284 327 -3.7886340550599433
221 327 1.7721032338842322
220 327 -1.1322537150453311
203 327 -2.4015943503343942
201 327 -1.9134643614211666
92 327 -6.9739423066560304
89 327 -6.9900047545808546
216 327 -4.2417125240726223
223 328 -0.26433236552944978
155 329 -4.7416785682244296
154 329 -3.9581132974406485
148 329 -6.1388824066232868
147 329 -4.1115568660824646
145 329 -4.1450312325002328
141 329 -4.1375269822125507
99 329 -4.6048500100087866
98 329 -4.5950673777992126
60 329 -5.320302783846163
326 329 -24.32911542088879
304 329 -10.886631069816985
219 329 -1.6410070732521667
191 329 -3.4615206086580281
188 329 -3.4878087219007678
181 329 -4.3769167627670136
175 329 -3.5982984917219909
170 329 -3.7750438976648861
165 329 -3.8627833436028243
162 329 -4.2592472046776537
375 330 -3.552334248380149
371 330 -0.64539958104504258
289 330 -5.8407020387881481
385 330 -12.767518168051978
332 330 -3.9644975792925083
309 330 -25.605586517382299
383 330 -5.5260964891756457
381 330 -0.65593089397209958
287 330 -4.6403292314100932
337 330 -3.7590137619607207
334 330 -4.5736563187835051
377 330 -4.5971490451642971
325 330 -4.020530265340045
317 330 -4.0742000259259896
348 330 -5.9097461473115409
362 330 -3.1677750895102559
328 331 -25.480731471769985
308 331 -12.029506451002955
223 331 -3.2339959085486085
181 332 -6.4000997674361386
151 332 -3.768906476591241
152 332 -3.768906476591241
170 332 -5.6402730139533048
177 332 -3.4043674938821469
179 332 -4.2152977100984765
185 332 -6.3480764956486659
188 332 -6.3219363867447509
191 332 -6.1381732908722144
195 332 -6.2956498076690544
217 332 -1.8296697566144677
238 332 -1.7205738111279836
252 332 0.73011206460419475
262 332 -1.852240614566288
275 332 0.80414176018898953
100 332 -4.4074734323058244
101 332 -4.4125066211078607
120 332 -4.12905659069229
124 332 -4.0778900709588051
242 332 0.69261834052867477
295 333 -2.9376104759429116
278 333 -4.7966799722552036
311 333 -4.5116076359537303
251 333 -2.4517776516652146
242 333 -3.3404894494237944
238 333 -3.7588024863475895
280 333 -2.3124703236132933
209 333 -6.369499076852728
217 333 -3.1251757351112635
274 333 -2.4775259876564868
314 333 -12.005793250253468
254 333 -4.7410954267681165
299 333 -5.3164248166958155
271 334 -7.3699722089377797
225 334 -5.119431265903577
230 334 -3.6243574910248397
244 334 -5.4513474219890821
249 334 -5.455398532293791
256 334 -7.7581872751181811
264 334 -5.0470285408842441
276 334 -5.4619314532286154
281 334 -7.7946303127302796
293 334 -7.7761642363439272
297 334 -5.8912860117329862
301 334 -8.2876732142985237
316 334 -14.941456609347597
259 334 -5.0402161399143095
223 335 -6.3536635371185008
231 335 -3.9845979984014979
245 335 -5.7699118093146318
272 335 -8.0668039777376954
253 335 -5.7514816949024103
265 335 -5.741134091660963
277 335 -5.7779159477335913
298 335 -6.2364543443684761
313 335 -7.7869083559909669
260 335 -5.7300610295323198
333 336 -3.6798511540963883
321 336 -15.805189225266265
314 336 -8.3157115860061452
311 336 -4.4708457479766919
299 336 -3.6024149422863423
286 336 -8.5963536772079134
242 337 -4.5898440797816242
312 337 -2.7178208732435816
317 337 -6.8774774234656793
288 337 -4.3532508388575746
287 337 -6.8954346907053274
276 337 -6.5783589330300405
275 337 -4.5510333924892183
262 337 -4.5308754612017959
252 337 -2.3217285714956755
219 337 -6.0152160520600724
238 337 -2.7915975082882363
319 338 -3.7885768755607359
324 338 -11.016122988648519
335 338 1.1524160656104123
272 338 -1.4539555892110192
265 338 -1.4400749521877865
260 338 0.61800260015769704
245 338 -1.5017183612946408
240 338 0.29764091700947665
231 338 0.5726399462149967
223 338 -2.9247039342823498
222 338 -1.7104933064890864
253 338 0.76718168030002931
277 338 -1.4628090575334214
290 338 -3.8049225729276048
298 338 -1.8172310159272085
313 338 0.3726912445341401
299 339 -5.3664740027501052
295 339 -2.1087292306884424
238 339 -7.6213626860189772
280 339 -7.1472467910387429
242 339 -7.2004254451463625
286 339 -5.0219102388572772
336 339 -27.450373721089047
333 339 -16.740881021502599
321 339 -7.3222375110188285
314 339 -2.5055245494565801
262 340 -3.5217614164782285
276 340 -8.0212891063979193
287 340 -5.622670839032045
288 340 -6.8390661633565388
275 340 -5.5884984577489316
312 340 -3.9327611857424372
317 340 -7.6473997193384884
242 340 -3.8380331841490554
337 340 -28.029233365279051
298 341 1.0073652783906968
265 341 0.16265969377161577
260 341 -0.27425184766086957
319 341 -3.9643052011703888
236 341 0.11730009775405342
338 341 -24.345100646265493
324 341 -4.2415622434820159
335 341 -13.594771831252549
245 341 -0.15661884806565279
290 341 -1.9410670391339608
313 341 -0.25115738584435326
277 341 -1.9069855051967155
272 341 -1.9002948763164498
339 342 -4.3128146072907594
336 342 -4.3363754006334316
337 342 -4.3914875043820194
347 342 -7.2179657694947874
350 342 -4.0718189749125973
373 342 -1.2700945501217049
340 342 -4.3653977919238747
379 342 -5.2259964495957352
386 342 -1.2132467990401592
207 342 -6.857582668882876
256 343 -4.031510286326526
268 343 -0.73830665554597763
280 343 -3.1946491449695023
310 343 -3.688827421085036
223 343 -5.5183582494720262
145 344 -4.821663330420261
147 344 -4.7868964542826813
181 344 -4.2224620410247802
219 344 -2.5730838057129093
125 344 -4.9449504081638631
126 344 -4.8877291481710392
141 344 -4.8023878286543127
326 344 -11.208732799010651
202 344 -3.8463377525561673
60 344 -5.9734294444629654
200 344 -3.4946990232413873
197 344 -3.8140036319326915
102 344 -5.2116891846395577
191 344 -4.1262205865740729
188 344 -4.144791351711322
175 344 -4.2816085719697607
170 344 -4.4563589485600614
165 344 -4.5434728753633982
155 344 -4.5832458460422787
154 344 -4.6374453772485014
148 344 -5.9777497025533117
328 345 -11.791996510009678
204 345 -4.1169688382731309
223 345 -3.1835935342041841
320 345 -4.4318531060712365
174 346 -4.0625999342489365
144 346 -4.391476534858616
140 346 -4.4286120346716711
102 346 -4.8373043175293038
132 346 -4.4897867746649434
126 346 -4.5143160722534592
200 346 -3.1226303603037078
190 346 -3.8320665924257975
269 346 -1.7920105335693732
219 346 -2.1910860453071539
225 346 -1.9866238980799591
182 346 -3.8579470859217393
181 346 -3.8506379924044736
175 346 -3.9094025107443864
205 346 -2.9753097549722223
173 346 -4.1191884002117831
170 346 -4.0837421965706131
202 346 -3.4746511022235556
165 346 -4.1707391089477914
148 346 -5.6046895520911244
145 346 -4.4482211673530063
188 346 -3.7730945348547285
191 346 -3.7541807399665004
194 346 -3.8083029360281131
195 346 -3.7469815671991804
197 346 -3.4422499518297682
126 347 -7.451643887469352
223 347 -5.1404350917957382
159 347 -7.185348233473813
135 347 -7.4799420243912991
208 347 -5.9423850295332938
204 347 -6.0837394933327618
118 347 -8.0539971003544828
198 347 -6.4084220651233688
287 348 -2.4588940171909024
332 348 -4.2917546143423726
200 348 -4.5796977334468014
126 348 -8.2010308776733023
252 348 -2.5798551783276014
262 348 -2.4820536734317629
275 348 -0.058017298585725297
282 348 -0.019270575270248724
197 348 -4.0885081069113731
202 348 -6.7568960608700372
205 348 -3.6212409736548188
217 348 -2.8619739776689874
224 348 -2.670266913617056
238 348 -2.6341049461871724
242 348 -2.6152067718379799
339 349 -7.1223678481837132
350 349 -5.8228562158605852
267 349 -8.1914994985902112
325 349 -7.4903212127774106
259 349 -11.240122297957742
271 349 -11.161120567681227
272 349 -8.2452412023480814
308 349 -10.743658521638253
336 349 -7.1461183793924166
358 349 -8.8598816457928287
295 350 -1.757450694426721
314 350 0.89201042071048864
321 350 -4.6216009302693637
333 350 -3.8190551517268974
336 350 -11.311529773197993
185 350 -6.9198580610591458
209 350 -6.0356997205716141
238 350 -3.2979370761067233
242 350 -2.8705615860871392
251 350 -1.9484621888558218
262 350 -3.4949867644954442
311 350 1.1407285171566943
278 350 -1.7569324570923621
280 350 -2.4062242152454116
286 350 -4.046210919339611
258 351 -9.8998672399370786
315 351 -5.116227353302178
270 351 -8.6508930396713772
292 351 -7.7567949609533651
322 351 -10.629838704282029
307 351 -7.6233050024773137
282 351 -7.8058365191813071
334 352 -6.7593999487973022
323 352 -7.9457021896737388
316 352 -2.3941119721392132
293 352 -4.1275491381651443
288 352 -7.4160732969638072
319 353 -8.0803522549722064
324 353 -10.459718102993538
335 353 -9.6320385033485003
313 353 -4.6609850616608801
298 353 -7.5939446906587209
272 353 -7.612610860330089
290 353 -9.8731967481013001
277 353 -7.6033081744640292
338 353 -17.147282078259604
304 354 -4.6334619622453665
262 354 -4.9984630409095976
271 354 -4.4627727032597546
293 354 -3.7407504415095656
217 354 -5.6010933180513529
249 354 -5.2112398913791385
238 354 -5.3035890780071249
242 354 -5.2764287066223492
270 355 -2.3552614208942484
283 355 -1.2053635969705803
294 355 -2.0490567749911346
305 355 -2.0244133950598533
326 355 -1.9120638399852377
344 355 -2.1350675293043944
88 355 -2.0495409844473507
243 355 -2.6812602246461807
346 355 -2.225920677174571
258 355 -2.4204882704938528
272 356 -3.8776807954087493
260 356 -3.9372240770134423
245 356 -4.2028536417518074
308 356 -2.1700971451276172
370 357 -5.1161711182949912
380 357 -2.4782955853184268
382 357 -6.5712441303125155
326 357 -5.8214998200902128
384 357 -13.935886433547299
317 357 -5.8844742499043656
329 357 -5.7962001735344861
332 357 -5.7739770988600849
337 357 -5.5658268324264801
367 357 -5.0862817850731386
361 357 -4.9584464337881613
360 357 -4.1461387293456777
352 357 -6.9062090410884522
340 357 -5.5395473821023051
321 358 -0.34867444370673256
220 358 -5.0722221680969328
260 358 -7.563141943001523
267 358 -4.3049703309150242
272 358 -7.5027918821600812
286 358 -3.1657784780614127
333 358 -0.53506436076340091
336 358 -4.094052287805666
339 358 -4.0958410083029566
243 359 -6.2217994296357482
221 359 -4.0433079344115077
286 359 -3.1861581643915184
299 359 -3.0766814059741714
255 359 -3.5419978515488513
295 359 -3.1145399625609431
239 359 -6.6527576360058962
261 359 -6.5117712207288756
315 359 -2.0566659181166953
273 359 -6.4570785431804678
292 359 -3.1504968399426723
322 359 0.67386387836818185
302 359 -3.0598422227838742
300 359 -1.528633840058319
271 360 -2.2369828424645815
171 360 -5.1063353243956886
256 360 -2.7874658260769212
223 360 -3.1757708048909232
192 360 -4.8237715124263083
189 360 -4.8585986894335997
100 360 -5.8827149776856267
334 360 1.6718516389724263
323 360 1.5113024160689355
301 360 -0.67249517331705433
268 360 -2.6011413019671923
293 360 -1.9998369695790852
124 360 -5.5782698348761155
177 360 -4.9421450591788982
288 360 -1.4154002052769625
238 361 -5.2372494849212252
242 361 -5.209840389184456
262 361 -4.9274883134941891
271 361 -4.390728916373404
304 361 -4.5469730455221562
354 361 -0.90816956557941486
249 361 -5.0795188013116066
217 361 -5.536764010148989
329 362 -2.1026806671837628
304 362 -2.2419074521465157
355 362 0.48542747461807995
356 363 1.5609340552512703
350 364 -4.7632466584660857
358 364 -4.3949880386372708
325 364 -5.3765154084553402
308 364 -8.6013844559732853
272 364 -6.5378737280001653
271 364 -9.0190489935211158
349 364 -26.887540832926124
259 364 -9.0980311525323589
243 365 -3.3951133878200244
242 365 -5.6952755743784964
238 365 -3.4202090124030251
283 365 -2.9672975754026791
217 365 -3.7205994198739183
199 365 -4.6685697179321952
196 365 -4.9637185959170997
180 365 -5.4327965642269875
178 365 -5.4377139602940288
262 365 -5.4109834388427416
270 365 -3.061245105587338
271 365 -3.0070558321451251
276 365 -2.9859307739365155
303 365 -1.3933465247988417
281 365 -2.9773632634852758
346 365 -2.7438573166337004
312 365 -4.9420168167159622
305 365 -2.7095574804167288
288 365 -2.9552729276495424
294 365 -2.761084389742424
297 365 -2.7432143537900626
301 365 -2.7256899851152796
258 365 -3.1287250823343724
256 365 -3.2750694057088237
252 365 -5.641260081625326
348 366 -2.0059738364297868
330 366 -2.6156992832406138
309 366 2.4921263380166212
385 366 -1.4651325179345245
383 366 1.3356633165237013
377 366 -1.2901261310430523
375 366 0.56068172492934343
371 366 -1.1879042442125844
360 366 -1.3790110923798635
351 366 -1.8531962374362139
320 366 -2.8925330009066337
340 366 -2.1451976948138296
315 366 -2.5134028267793851
307 366 -2.7929681766997336
300 366 -2.8267577136194011
296 366 -2.8530762432438554
292 366 -2.8791392446052551
289 366 -4.7089668542972225
255 366 -3.4494972101202923
285 366 -3.1135679955533084
322 366 -2.4609357985606413
354 367 -1.9021597318743635
325 367 -3.7006912972718053
151 367 -4.6246910722762866
152 367 -4.7477230734940816
177 367 -4.4065935713465434
179 367 -4.4143088521808753
217 367 -2.7136614019218426
242 367 -2.3776396568686211
230 367 -2.3512614842533814
271 367 -1.5341160545544241
293 367 -0.76287444123112857
304 367 -1.6245183408386916
259 367 -1.5577941900989556
249 367 -2.3110502928525505
262 367 -2.075736631483851
244 367 -2.3235201402050585
238 367 -2.4061149609257759
344 368 -4.9031209743770372
346 368 -4.9010724854366785
355 368 -6.5141152760123511
365 368 -7.2573808547030225
283 368 -5.6292619721910135
252 368 -6.0280619914838232
242 368 -6.0841844033386234
238 368 -6.1126597073957782
258 368 -5.8046207899668252
262 368 -5.7822813779538533
270 368 -5.7307409070706621
275 368 -8.0052882486495704
282 368 -7.9504720501523733
294 368 -5.3748299853691162
303 368 -5.3125424014726823
305 368 -5.3196059085349239
312 368 -5.1930422450612346
323 368 -5.0604281064581604
326 368 -5.0602139636476879
367 369 0.19158134768872909
361 369 -2.3473946499418057
360 369 -0.32012153376917768
352 369 -3.6270191934135414
340 369 -3.1215580904368379
337 369 -3.149438434978125
332 369 -3.3682601980920444
329 369 -3.3695539704609967
326 369 -3.3921333091577424
317 369 -3.481795701579868
382 369 -2.5432519575656141
384 369 -4.9614445015521218
357 369 -11.819756451294646
370 369 -2.2166139150834319
189 369 -2.1645034777763432
380 369 -0.061412154117916506
287 369 -4.0551203651212511
376 369 -2.4142279365875297
249 370 -3.9484524786306752
244 370 -3.9609684400674476
367 370 -24.3689291741155
354 370 -3.3413124779872168
325 370 -3.0259603053228545
304 370 -3.2578452441835886
293 370 -2.4140031274021818
271 370 -3.1704944952449816
262 370 -3.712335697538212
259 370 -3.5999588809480052
368 371 -22.595076216586428
365 371 -2.2056584431280326
355 371 -1.567459520458149
346 371 2.2745750910278066
344 371 -0.1394785980532634
329 371 -0.29647645906433767
326 371 -0.29917465774991397
323 371 -0.31308861837086349
312 371 -0.43459315953142325
305 371 -0.56403940493695082
304 371 -0.5754965837107211
303 371 0.32585721876987511
301 371 -0.59476481465247399
294 371 -0.64015016987311402
293 371 -0.64015016987311402
288 371 -0.86134020339077155
283 371 -0.87636478159550046
282 371 -0.89498976656281415
276 371 -0.90280105739185235
275 371 -0.95006889530356786
271 371 -0.92743780690000666
270 371 -0.9782259408183509
269 371 -0.95228339334339474
264 371 -0.97765893805708615
262 371 -1.0299870370653448
258 371 -1.0524269657648417
256 371 -1.2103915140641166
252 371 -1.2765210273690091
250 371 -1.2575357400757241
243 371 -1.3351622026937173
242 371 -1.332739296258143
238 371 -1.361257090084969
219 371 -1.6396071472413338
218 371 -1.6723717472263782
217 371 -1.6690718193341323
191 371 -3.2301078988306946
188 371 -3.254728331388165
180 371 -3.3617675473491033
178 371 -3.3666849434161441
153 371 -3.7064840385834836
170 371 -3.5380444025190685
220 372 -4.5314086501660507
271 372 -6.2722582002623399
276 372 -6.246398249700122
317 372 -3.1853758855980754
319 372 -3.18597521664661
321 372 -3.108869046068262
324 372 -3.1606513778108916
325 372 -3.1298618781122816
328 372 -6.0789974751818869
331 372 -5.8953887293344209
332 372 -3.0716944130285642
333 372 -2.8520010176447408
336 372 -2.8008431972920635
247 372 -4.1753483721448221
287 372 -3.7587904820756246
267 372 -3.8654095013706109
337 372 -2.8523111010418325
338 372 -3.2557257694802977
339 372 -2.7754043966658482
340 372 -2.8243433813001451
341 372 -2.8270187962219748
343 372 -2.8018770747499802
350 372 -2.5050929701949083
353 372 -3.7618279913234161
318 372 -3.1349461826937621
201 372 -5.4373114322112235
291 372 -3.5267765278169585
297 372 -6.496434490574714
301 372 -6.3126312858383358
302 372 -3.4483832833828587
308 372 -5.8546466108971229
310 372 -3.439507946814838
299 373 -1.5423725092791152
333 373 -1.1103641363070693
126 373 -7.8917380223512055
348 373 -1.0706750341087905
343 373 0.38564557255073945
332 373 -1.2217451765343368
325 373 -1.2612991353727718
317 373 -1.3003042124385473
314 373 -1.2921457707294151
310 373 -1.4954855019400084
302 373 -1.5199788069545779
295 373 -1.5652932407165414
292 373 -1.5882201060685528
287 373 -1.7783713923795827
280 373 -1.8506495407480155
278 373 -1.8277775027380967
256 373 -3.7587879644851108
254 373 -2.130845554343491
248 373 -2.2084588217062242
223 373 -5.4113492332035982
205 373 -3.4056154848711349
312 373 -2.1656542110116561
204 373 -4.7541146104539456
202 373 -6.527094223914423
200 373 -3.9560500001192982
198 373 -4.2572285426429826
197 373 -3.8595660601519528
353 374 -1.415231120840541
358 374 -0.85982620562428957
363 374 -0.83415237855826474
370 374 -0.44690174218836676
373 374 -0.42075035020260065
208 374 -3.9144426415979194
201 374 -4.0373771241746965
306 374 -2.2843690408525394
345 374 -1.637473641825578
312 374 -2.0962873992553184
303 374 -2.3081227142187779
364 374 -1.8902195218411055
318 374 -2.024268139795669
319 374 -2.024268139795669
324 374 -2.0002785355053532
376 374 -0.10749494385974012
326 374 -1.976656198929835
328 374 -1.976656198929835
329 374 -1.952473496709016
331 374 -1.952473496709016
336 374 -1.7105582787251401
337 374 -1.7105582787251401
338 374 -1.7105582787251401
339 374 -1.6859736520433501
340 374 -1.6859736520433501
341 374 -1.6859736520433501
344 374 -1.637473641825578
320 374 -2.024268139795669
346 374 -1.5888985885075537
347 374 -1.5888985885075537
350 374 -1.415231120840541
352 374 -1.415231120840541
379 374 -0.081268925536571945
380 374 -0.055801665932242006
382 374 -0.029420010157133358
384 374 0.023185672612145769
386 374 0.30894239956428171
342 374 0.36091974411160566
349 374 0.38656332178266473
357 374 0.38656332178266473
369 374 0.68966820204389778
372 374 0.71412476589059315
378 374 0.76315278376718743
291 374 -2.3780844114660611
289 374 -2.9678686932541676
286 374 -2.562403585146003
284 374 -2.5857378800506337
267 374 -2.677069184417475
247 374 -2.9475432166264697
220 374 -3.2561002514341362
281 375 -3.8252854130043317
282 375 -3.8245785161120787
283 375 -3.8059535311447648
288 375 -3.7905443249492241
294 375 -3.9881773677560619
301 375 -3.5360257262466885
303 375 -3.5131800816950123
305 375 -3.490091574294405
312 375 -3.3494326026449901
346 375 -3.0176057009078696
365 375 -4.440857866248046
297 375 -3.5593795868766658
143 375 -6.8301197733684562
150 375 -6.8082936385016719
172 375 -6.4660937001865504
179 375 -6.2964907246943627
193 375 -6.1825739648069309
210 375 -5.7833563205087444
224 375 -4.3380640204430634
238 375 -4.2947242275570785
242 375 -4.2661009753892589
250 375 -3.5312073777609814
252 375 -4.2096421026446995
258 375 -3.9838638090897147
262 375 -3.961161047397729
270 375 -3.9088213081707157
271 375 -3.8753322333131694
275 375 -3.8803505746825664
367 376 -4.4317150692971738
370 376 -4.7262088432099745
304 376 -4.0296953762259422
271 376 -3.9692068625863666
293 376 -3.1453685942324849
325 376 -3.7487955741131751
354 376 0.16212076282608012
361 376 0.59323828207885376
282 377 -5.3787384752080492
289 377 -6.1055474551697468
312 377 -4.8688931809808507
317 377 -7.1052553956853375
275 377 -5.4360689149712167
323 377 -4.7161737822237688
371 377 -6.6406550039927472
368 377 -6.3463426202918312
365 377 -4.6675497138945445
362 377 -1.3241807289382646
334 377 -4.9130744103292097
336 378 -8.4781285453689623
350 378 -8.2067770744295849
367 378 -5.7164927464321691
376 378 -6.0297477333427292
380 378 -6.8022848093576833
382 378 -6.8532225666471227
339 378 -10.730684874736006
384 378 -6.9581693734510459
308 378 -7.7909049577339671
332 379 -2.9955219336550538
373 379 -4.9388833186548569
350 379 -4.9323123797767572
348 379 -2.3716747131008491
343 379 -2.7910739679246137
340 379 -2.805857143814821
337 379 -2.8264309010212014
336 379 -5.1058843408060177
333 379 -2.8408608674803175
325 379 -3.0456643521787781
317 379 -3.094100532635581
314 379 -3.0950183874971917
310 379 -3.3237116095568018
303 379 -6.196033179733913
302 379 -3.3577774229767621
299 379 -3.3823953615350644
292 379 -3.432361728354079
276 379 -6.1451952820632672
209 380 -9.0733673972120741
149 380 -10.536480138467187
367 380 -7.1419296723613037
354 380 -5.6829044952799919
325 380 -6.9475113031040996
192 380 -9.9129320237815328
189 380 -9.9465485654242514
187 380 -9.7972512868249169
171 380 -10.180878491245368
258 381 -1.250186507586025
262 381 -1.2268484507032922
264 381 -1.1584268245321439
269 381 -1.1320771403897134
271 381 -1.1062028864211926
275 381 -1.1438298329702326
276 381 -1.0941947979055773
282 381 -1.0863029238143622
283 381 -1.0676779388470485
288 381 -1.0512834594490739
293 381 -0.79969955943278803
294 381 -0.79969955943278803
301 381 -0.75010263092349971
303 381 -0.72554045569253311
305 381 -0.72953074631368442
312 381 -0.57170163306347477
323 381 -0.41719966032581607
326 381 -0.41083430343526944
344 381 -0.1163491156492597
346 381 -0.083927507874510587
355 381 -0.095588191334580019
365 381 -0.22294008129013382
368 381 -1.5546133684158918
375 381 -9.5425000278934728
270 381 -1.1730845475024265
180 381 -3.5357733922709187
101 381 -4.4441843644966141
143 381 -4.0650464758723022
150 381 -4.0436995233312585
168 381 -3.7654844375275327
170 381 -3.7072616918080334
172 381 -3.6995590102665799
178 381 -3.5406907883379595
179 381 -3.5419497390104944
184 381 -3.4948034501664811
188 381 -3.4150827801288557
191 381 -3.4037120483075936
193 381 -3.4299450970742114
210 381 -2.6063506950315793
217 381 -1.8740017691404176
219 381 -1.8445370970476191
224 381 -1.5925291313504117
238 381 -1.5654061144018965
242 381 -1.5366075508330501
243 381 -1.5390304572686244
250 381 -1.4563968120039268
252 381 -1.4797091527253958
256 381 -1.412721323698898
149 382 -6.0783465736159386
380 382 -23.483180057495787
171 382 -5.7232646731671171
187 382 -5.3400809654353738
189 382 -5.4893782440347092
192 382 -5.4558023207810926
209 382 -4.6174891518551648
367 382 -2.4879705416449482
271 382 -2.0432720392827073
293 382 -1.9480690521889992
325 382 -2.4889983846629846
354 382 -1.1884926592295573
370 382 -2.6770276266025608
325 383 -3.0181880317791059
317 383 -0.76540674242428541
304 383 -1.0057035435198207
250 383 -1.423462336813059
183 383 0.2889587433713447
329 383 -0.66664285788346644
381 383 2.3991024741003302
362 383 -0.34758328821870471
375 383 -2.2554134638324892
332 383 -2.9665113381667938
371 383 -1.617218528106529
368 383 3.4903889481942927
380 384 -16.214410638883855
382 384 -1.9334264181430831
361 384 -4.6443537833627344
370 384 -0.83616455130405898
368 385 -3.0660784365770968
371 385 2.1307228537051501
375 385 0.96428811319603502
124 385 -1.9500952455494462
143 385 -5.6953058637886498
150 385 -5.6740783552507192
365 385 -1.7062903546760322
325 385 -2.0853384977597549
332 385 -2.0331987137876513
337 385 -1.851817202243921
287 385 -2.6923655885275228
362 385 -1.6774663783535249
381 385 -13.247523233874647
383 385 -23.986112617481453
224 385 -3.2665824400651364
172 385 -5.3568624839727601
210 385 -5.1050285746599453
317 385 -2.1355548450000525
193 385 -5.0743924461581358
348 385 -4.0267021403864787
303 386 -8.2594000437014188
337 386 -5.2259157014090194
340 386 -5.2002432605830204
347 386 -8.0899512091659034
207 386 -7.7008151797873694
373 386 -1.6979047971934893
208 386 -7.7127309257858663
