337
3276
129
0 0
1 128
2 24
3 123
4 3
5 1
6 48
7 106
8 15
9 73
10 53
11 53
12 118
13 32
14 32
15 117
16 58
17 22
18 86
19 119
20 4
21 4
22 44
23 44
24 26
25 26
26 65
27 31
28 31
29 116
30 66
31 66
32 121
33 124
34 124
35 96
36 96
37 96
38 25
39 25
40 25
41 105
42 105
43 105
44 105
45 104
46 104
47 104
48 104
49 82
50 82
51 126
52 89
53 89
54 89
55 93
56 93
57 93
58 93
59 103
60 103
61 103
62 80
63 80
64 79
65 79
66 79
67 122
68 122
69 90
70 90
71 90
72 74
73 74
74 74
75 74
76 74
77 29
78 29
79 29
80 29
81 36
82 36
83 36
84 36
85 36
86 36
87 84
88 84
89 20
90 20
91 46
92 46
93 55
94 55
95 55
96 55
97 85
98 85
99 85
100 85
101 68
102 68
103 68
104 68
105 62
106 62
107 62
108 62
109 9
110 9
111 83
112 83
113 83
114 56
115 56
116 56
117 56
118 56
119 56
120 71
121 71
122 71
123 71
124 108
125 108
126 108
127 6
128 6
129 6
130 6
131 14
132 14
133 14
134 14
135 41
136 41
137 41
138 27
139 27
140 27
141 27
142 27
143 57
144 57
145 57
146 57
147 57
148 76
149 76
150 76
151 76
152 10
153 10
154 10
155 34
156 34
157 34
158 34
159 51
160 51
161 51
162 51
163 99
164 99
165 99
166 99
167 99
168 33
169 33
170 33
171 33
172 33
173 54
174 54
175 54
176 54
177 54
178 94
179 94
180 94
181 72
182 72
183 72
184 72
185 127
186 21
187 21
188 21
189 21
190 17
191 17
192 17
193 17
194 12
195 12
196 12
197 12
198 91
199 91
200 91
201 37
202 37
203 37
204 81
205 81
206 81
207 7
208 7
209 7
210 7
211 39
212 39
213 39
214 39
215 109
216 19
217 19
218 19
219 38
220 38
221 38
222 45
223 45
224 45
225 98
226 98
227 98
228 98
229 63
230 63
231 63
232 69
233 69
234 50
235 50
236 50
237 5
238 5
239 5
240 100
241 101
242 101
243 101
244 101
245 42
246 125
247 92
248 92
249 92
250 18
251 18
252 18
253 61
254 61
255 13
256 13
257 13
258 59
259 59
260 59
261 95
262 95
263 95
264 40
265 40
266 40
267 77
268 77
269 28
270 28
271 28
272 30
273 30
274 30
275 8
276 120
277 114
278 114
279 107
280 107
281 107
282 64
283 64
284 35
285 35
286 35
287 88
288 88
289 88
290 47
291 47
292 52
293 52
294 52
295 115
296 115
297 115
298 70
299 70
300 70
301 70
302 11
303 11
304 11
305 78
306 78
307 110
308 110
309 112
310 112
311 49
312 49
313 49
314 111
315 67
316 67
317 67
318 87
319 87
320 2
321 2
322 16
323 16
324 23
325 23
326 23
327 75
328 75
329 43
330 43
331 113
332 113
333 97
334 8
335 60
336 102
0 1 -24.053428683803112
0 2 1.6947554527869442
1 2 -0.78985799468407847
0 3 -4.4762721208659437
1 3 -6.7228868299917739
0 4 3.2684439219879509
2 4 1.8597066814953842
0 5 3.5659053450326423
1 5 -0.79644318829273897
2 5 -2.863091685507964
4 5 -8.0747163916274509
1 6 -0.36865022314089352
2 6 -0.17690159060273608
3 6 -3.8185641165173929
4 6 -4.0580440170930832
5 6 0.60373373476431569
3 7 -6.2963544470820221
4 7 -2.1703669559396843
5 7 -16.390180294653575
6 7 -27.175968394116232
3 8 2.0913586553698447
4 8 1.4263153613090749
5 8 0.92931103426600581
6 8 2.1962402012862836
7 8 -22.798201860106495
4 9 -0.49170772786548828
0 10 -10.632879361204512
1 10 -10.213620810193893
2 11 0.45781941441499979
3 11 -2.8292107584657749
4 11 0.17707329182877402
5 11 -4.5129854113769436
6 11 -12.027024807655375
3 12 -5.7284453047736745
4 12 -5.7822159041906831
5 12 -2.8918752784797657
6 12 -7.7525615436222104
7 12 -14.982288695683188
11 12 -27.828681834623701
0 13 -6.7333417231188477
1 13 -6.7181297681956078
10 13 -1.0350767098919424
1 14 -0.71798148439754383
3 14 0.51316967147233017
4 14 1.2568962053782786
5 14 0.16683576117766602
6 14 -3.7145053526675711
7 14 -3.9937795811557577
8 14 -11.225107098371883
11 14 0.93436101656952575
12 14 -24.133708066484481
3 15 -5.4924785539078709
4 15 -3.102021409593279
5 15 -2.7824360124070719
6 15 -7.0889323813964111
7 15 -14.241291885249296
9 15 -14.838683988073175
1 16 -0.38488371599786536
2 16 0.25506634662926658
3 16 -1.4726338245561186
4 16 -1.5104518415986998
6 16 -2.8943602958200234
7 16 -3.1072931989503854
8 16 -10.260843321483948
9 16 -3.6274148606306578
15 16 -23.770590457734023
3 17 -1.0177126646564294
4 17 0.83889215118951777
6 17 1.6195281773674512
7 17 -2.4722258378491415
8 17 -2.6865889182069611
9 17 -2.9262438499515571
15 17 1.7211381219983921
16 17 -23.281308061178215
6 18 -1.1348195976799396
7 18 -6.241790808400987
8 18 -6.4314918777718599
3 19 -5.6314230174132671
4 19 -5.6361980191506413
5 19 -3.4664572671007723
6 19 -6.0094775189649239
7 19 -8.376272134581237
9 19 -8.5226292654580149
11 19 -7.4534481008524445
12 19 -14.608555910309468
15 19 -15.2076231385062
10 20 -2.7467238792695259
13 20 -7.0472352336229402
1 21 -0.067173581769996604
3 21 0.3294616538945116
4 21 2.383567644087063
5 21 2.0231894047136731
6 21 2.4846100189594265
7 21 0.0016231657431828306
8 21 -0.055692105207372056
9 21 2.9505623719089771
11 21 2.8037003397075129
12 21 -1.2892554978453563
14 21 -1.5023414758665337
15 21 -1.7434366091434019
16 21 -2.0226995144168645
17 21 -9.2535777969132003
19 21 2.9032773247501091
0 22 -2.6753773545059087
1 22 -0.87854654354106287
3 22 -1.829948614521649
2 23 0.75726958744990824
3 23 -0.8274764450713632
4 23 -0.82696993283902609
5 23 -0.98978307315093295
6 23 -1.0621823135416346
7 23 -1.1067167335081758
8 23 -3.460752900896308
9 23 -1.2120544053765157
15 23 -2.6598384027936413
16 23 -9.8123187905902043
4 24 -8.1588313195243138
10 24 -3.9028009431723989
13 24 -6.4372130586568099
20 24 -15.63433504015115
2 25 0.88843850119982326
4 25 0.61016817136978707
5 25 0.93378902246805939
6 25 -1.1345480381606947
7 25 -1.144697355090579
8 25 -1.1563093221957224
11 25 1.0348160563202193
12 25 -1.4494291366638024
14 25 -1.5078482358304897
15 25 1.498028980452609
16 25 -1.6396804934461404
17 25 -4.0210863837481625
19 25 -3.1932355360637126
21 25 -10.705959337772795
14 26 -0.79287246284281876
15 26 -0.049455562716733292
17 26 -0.32689501687874373
19 26 -1.1396663041447694
21 26 -5.020212648819764
25 26 -0.35866290002835438
4 27 -4.3489889963629853
10 27 0.28642829916967311
13 27 -1.4734893115675958
20 27 1.2694006466450107
24 27 -12.955727471807277
16 28 -1.2972594781199804
17 28 -4.5775253247529202
21 28 -1.6894569569808748
25 28 -15.909195065286825
26 28 -26.694062869600756
7 29 -3.7651149934198647
8 29 -3.0668665664426822
11 29 -2.7772847866024049
12 29 -5.6709741670758342
14 29 -5.7048304874303728
18 29 -5.889170783012406
22 29 -7.339089962935553
0 30 -6.3603365902045468
1 30 -6.3401031313978935
13 30 -0.19006459655936464
20 30 -0.079445755987800293
9 31 -4.9305346405234269
6 32 -3.9695491799432117
7 32 -6.2591573436467041
11 32 -3.8154174143397799
12 32 -6.1167672783419977
1 33 -5.4118253077812817
3 33 -4.6684908359915465
6 34 -6.4969002010922168
11 34 -6.2387619689752745
12 34 -8.5275945832349063
15 34 -8.4963116968272008
19 34 -8.3328046824328084
0 35 -6.293321247655502
1 35 -6.2721190749822604
13 35 -1.879911091142481
20 35 -1.6795486781659581
17 36 -5.7748884820070234
18 36 -5.7588338335309519
21 36 -5.6286378290937229
23 36 -4.6935705107666195
9 37 -3.2469572485722482
20 38 -7.1378026657103666
22 38 -7.1204937734763014
24 38 -6.9727655528187533
26 38 -6.9571901004488463
28 38 -6.9511815140079332
29 38 -6.9464956525585357
1 39 -4.6697623962211665
3 39 -3.9189337844589276
22 39 -7.4819397928966733
33 39 0.78649474135610864
16 40 -1.4875515859834896
17 40 -1.467460620013288
21 40 -1.2210567188042396
23 40 -5.8089829275392182
25 40 -1.0486081214512071
32 40 -1.1735571398760325
34 40 1.529930538654235
12 41 -3.9503961060082005
13 41 -3.9271110003342842
14 41 -3.9271110003342842
18 41 -3.8366453022097828
20 41 -8.2177508077440997
22 41 -3.5947724405365578
24 41 -3.4390944421113185
29 41 -3.4083303940062133
10 42 -7.3997790415936677
16 42 -7.3061643236378337
17 42 -7.2842204381832705
18 42 -7.2623273645449027
23 42 -7.0196230905403159
17 43 -3.1864747394911537
18 43 -3.1645816658527859
19 43 -2.9646996103277807
21 43 -7.540963947826798
25 43 -2.7548960977325967
32 43 -2.8376701473117119
3 44 -2.7985803271640028
6 44 -2.4149987088587377
7 44 -4.6957935767048351
9 44 -4.6484843763088826
11 44 -2.1143649748278035
12 44 -4.3981611820936291
15 44 -4.3560121800946838
19 44 -4.0942653822495743
8 45 -6.0092940439182163
18 45 -5.607708086031546
24 45 -3.4854420070787211
27 45 -3.4223966828023276
20 46 -6.9923056594975588
13 47 -4.2184674054397346
18 47 -4.1232730920374712
20 47 -3.8632856544977696
22 47 -3.8427558479729416
24 47 -3.6228674455173033
26 47 -3.5870346270491571
28 47 -3.5727686836211796
29 47 -3.5573185475008882
38 47 -13.008274689151104
17 48 -2.3421634820575084
18 48 -2.3181922658509015
21 48 -2.0565154215536117
23 48 -2.0346989409041787
30 49 -6.9013359269267136
45 49 -4.2496466191139701
13 50 -4.2859679929724326
20 50 -3.9240135970676917
35 50 -6.0564478320179349
46 50 -0.8740826454645827
9 51 -8.9644950947955362
24 51 -6.0384972799923684
27 51 -5.5653322270252055
30 51 -5.4696217510576091
35 51 -5.6337526759655967
24 52 -1.7381932315948105
27 52 -1.2636642672275769
13 53 -4.743941508943962
18 53 -4.6439178679404902
20 53 -4.3792084046824433
22 53 -4.356362513548377
24 53 -4.1214597133135564
26 53 -4.0830160253161907
28 53 -4.0645622255976823
29 53 -4.0468586326282425
38 53 -5.474167486608537
41 53 -5.6830061401508134
8 54 -2.4169430547213082
10 54 -2.1607063171780752
13 54 -4.4122216914511334
16 54 -2.0593238953828399
17 54 -2.0341130549801107
18 54 -2.0096583855055066
23 54 -1.7220576030615025
42 54 -3.0487012296639389
7 55 -4.9354436760143647
8 55 -4.5061542969222446
18 55 -4.0909502219483995
24 55 -1.8985931882017286
27 55 -1.817732150600736
45 55 -2.9803601388840608
52 55 -10.931800915006198
13 56 -5.0841287250532465
20 56 -4.6996090963583352
46 56 -5.5027796565033285
20 57 -5.3135260591528191
26 57 -4.9782107423006305
28 57 -4.9566133696604195
38 57 -1.5193882210003358
41 57 -4.8796354969747853
47 57 -6.11836135782361
53 57 -14.076830320498107
10 58 -2.9349765630712246
13 58 -5.1797771937700379
17 58 -2.8046897509296769
18 58 -2.7793442649914595
21 58 -2.4950800427765927
23 58 -2.4704188260956426
42 58 -2.0619529859006556
48 58 -3.299142003217546
54 58 -11.259449309016034
8 59 -5.8740260575684529
18 59 -5.458455114038248
24 59 -2.858032618092619
27 59 -2.7764923575072791
30 59 -2.6557663200380106
45 59 -3.7275080407905423
52 59 -4.6333157934571361
55 59 -24.760572732923805
1 60 -6.6343082089844652
13 60 -2.3061002681793701
20 60 -1.9206142155896688
46 60 -2.5096974144936905
56 60 -23.54346157918129
13 61 -6.7470619277281285
17 61 -6.6708930351708053
18 61 -6.6455023183492852
20 61 -8.6658503297110219
21 61 -6.363265236716976
23 61 -6.3384335852014528
24 61 -8.3749904559385229
31 61 -5.897003404790623
42 61 -5.8476695415181297
48 61 -6.9540131741467945
54 61 -7.8723452481911886
58 61 -27.990493262218152
35 62 -5.9442008366102197
46 62 -2.2873412462890839
50 62 -7.5717928430398995
56 62 -3.3962893378624703
60 62 -28.437699933830377
12 63 -5.1078842978911236
14 63 -5.0858062918321378
18 63 -4.9879197015591563
22 63 -4.6802118917495434
29 63 -4.320699321693434
32 63 -3.9358289967422859
33 63 -0.78813094588139787
39 63 -3.4323535365617635
30 64 -7.9094198503395976
50 64 -3.8111699883371748
60 64 -19.202230097188831
62 64 -4.8978072688456811
33 65 -0.76581697371663049
63 65 -0.9669426721860197
26 66 -8.1260141301746156
28 66 -8.1053983560644305
29 66 -8.0825187640252487
34 66 -4.7314717994126818
40 66 -7.6788540171012869
43 66 -7.7119641004573385
26 67 -7.2907497472927192
28 67 -7.2697645351909426
29 67 -7.2465001005628533
33 67 -7.0717590830137489
43 67 -3.9188537917058208
3 68 -7.333506088126132
22 69 -3.8828706225781713
26 69 -3.5575505659094344
28 69 -3.5363950434478846
29 69 -3.5129531116931125
33 69 -3.7339799268030336
43 69 -1.2723333056178858
67 69 -25.369498985391623
22 70 -7.2862972296470074
23 70 -7.2833211487648137
26 70 -6.9609771729782706
28 70 -6.9398216505167207
29 70 -6.9163797187619487
31 70 -6.8260439253952931
34 70 -7.1307612483165208
44 70 -4.669114627131373
3 71 -12.54550111902623
68 71 -30.02887933623667
13 72 -7.6266556990864967
22 72 -10.051568421190087
12 73 -3.5047156196647342
14 73 -3.4784685018468129
18 73 -3.3739787901930254
22 73 -3.0613662622131419
24 73 -2.7797896309622794
27 73 -2.7040690713420967
29 73 -2.6794790298052926
30 73 -7.1860806514256774
32 73 -5.2988583304520951
41 73 -0.49664743914637227
23 74 -3.9391262948177763
27 74 -3.5818291039467312
29 74 -3.557239062409927
36 74 -0.6747086066457797
38 74 -2.7641194064225996
42 74 -1.3744074717510069
47 74 -2.9596620235593987
31 75 -6.7165214358996632
36 75 -6.1223512189859957
37 75 -3.9302221713147585
48 75 -6.2143484653665277
23 76 -5.5321259315669771
26 76 -5.2007342559594845
28 76 -5.1785264590028799
31 76 -9.663660831325533
34 76 -3.0373436684080319
40 76 -4.3099174827123248
44 76 -2.9139820960075689
12 77 -8.5710418161250441
14 77 -8.548822671445345
49 77 -1.3936867300601856
52 77 -1.0120955775220359
55 77 -2.1131920690378867
59 77 -1.4070558722279225
26 78 -3.473935043909389
27 78 -3.4487706605410846
28 78 -3.4487706605410846
30 78 -3.325018459062087
38 78 -0.86242676009900077
41 78 -0.55099809100995989
47 78 -2.7682665502191872
53 78 0.29371720494360337
57 78 -0.79615634668893254
13 79 -3.1711055936578405
20 79 -2.7795528905276226
22 79 -2.7537659383780544
24 79 -2.4715486895963887
26 79 -2.4207129646025698
27 79 -4.6981336742283109
28 79 -2.3955485812342654
29 79 -2.3708549107231884
31 79 -2.2727508377353631
36 79 -1.6686335408445678
38 79 -1.5518804281105969
42 79 0.50222398829685932
48 79 -1.715044470912368
54 79 1.3469392842504226
58 79 0.25706573261788662
61 79 0.95593913807977637
26 80 -6.8627358645772283
28 80 -9.1430142702242865
31 80 -6.7197997679903194
40 80 -5.9458617453401512
44 80 -3.885645049166969
16 81 -7.6657006553429774
17 81 -7.2362383308399645
30 81 -3.946383400571865
35 81 -3.3402449690844263
49 81 -3.4063997185838941
51 81 -0.69086070771469776
52 81 -1.0531591398567905
55 81 -0.74519926244064161
59 81 -4.8301689696547596
30 82 -7.6719544829078901
35 82 -7.0604645470572924
50 82 -7.133947888661389
56 82 -4.4713467308341466
60 82 -8.5574181448118836
62 82 -8.7631829901236262
13 83 -9.5979190770698093
22 83 -9.1841389613281752
23 84 -4.6590674777703267
27 84 -4.2999931220674732
30 84 -6.4782667817604827
36 84 -3.562374885394787
38 84 -1.0231877710842583
41 84 -3.4313819654297619
47 84 -3.5650464898283571
53 84 -1.2761958421420472
57 84 -0.95701302484258344
13 85 -3.0356769535838444
20 85 -2.6439560077692601
24 85 -2.3353257661532405
31 85 -2.1356681075638559
36 85 -1.5221406496857783
37 85 -1.5214450404865598
42 85 -1.3904521205215348
48 85 -1.52411664492013
54 85 0.76473400276617998
58 85 1.0839168200656437
61 85 -3.0083156784965492
21 86 -8.6086890421372786
23 86 -8.5829355822110713
25 86 -8.2926473160598384
26 86 -10.552543641859222
31 86 -10.408955396747247
34 86 -7.4491063969012004
44 86 -7.3020477461965907
18 87 -2.6097289189527317
22 87 -2.2948256818742157
26 87 -1.9581591577073865
28 87 -1.9356718416419274
29 87 -1.910837749875141
32 87 -1.490498140476757
39 87 -1.0084994567824301
43 87 -1.0065131098487798
63 87 -2.624606469132801
65 87 -9.9895636421890259
67 87 -10.599964677299374
22 88 -4.875678218026116
23 88 -4.8727021371439223
26 88 -4.5390116938592868
28 88 -4.5165243777938278
29 88 -4.4916902860270413
31 88 -4.3948062647486781
40 88 -3.5794512820801225
43 88 -3.5774649351464722
44 88 -3.5774649351464722
66 88 -12.568748220522613
22 89 -3.0052481372623729
26 89 -2.6679169841754957
28 89 -2.6453469445579607
29 89 -2.6204258844312163
32 89 -2.6120373789712183
39 89 -1.7050962347974834
43 89 1.8283569594224667
63 89 0.77492391078870604
65 89 -3.5314804648362714
67 89 -4.0561711095919639
69 89 -11.290287560482538
87 89 -24.146955425894973
22 90 -5.9843092898005468
26 90 -5.6469781367136695
28 90 -5.6244080970961345
29 90 -5.5994870369693901
31 90 -5.50218897935149
40 90 -4.6753716145684203
43 90 -4.6719759692312657
44 90 -1.1419184203484698
66 90 -6.5017558446072083
70 90 -14.262703427465363
88 90 -27.117230805665905
65 91 0.59876513676406606
67 91 0.63138766216382214
69 91 -3.947731802263712
87 91 -13.580974617066587
89 91 0.70675720432446854
22 92 -5.7392805044687254
23 92 -5.7363044235865317
26 92 -5.4007731149075697
28 92 -5.378053549854215
29 92 -5.3529749726230644
31 92 -5.2549237690130584
66 92 -1.9145848995816914
70 92 -6.4610818386094699
88 92 -16.094324653412343
90 92 -1.806592832021289
22 93 -3.561360025109412
24 93 -3.274674262074218
27 93 -3.1844102750374796
29 93 -3.1719226977649124
30 93 -3.0350596811293284
32 93 -5.1384417254106882
33 93 -4.1481756453327687
41 93 0.40297655510402969
73 93 -11.654511138632786
27 94 -5.6353854778726333
34 94 -6.8715325535424308
36 94 -4.8285366106557621
38 94 -4.5912562453995873
42 94 -2.035417706948158
47 94 -4.5129737691594078
74 94 -14.093839590324849
26 95 -7.2858045899164994
28 95 -7.2627498863994147
29 95 -7.2373157467465772
39 95 -5.6162684227440689
43 95 -3.6094886917029614
23 96 -3.8790560045584082
26 96 -3.5410836012660241
28 96 -3.5180288977489393
31 96 -3.3928178158058269
40 96 -2.4185360332391035
44 96 0.14596164622655489
76 96 -11.914862675783747
27 97 -8.8888323155865798
30 97 -8.7599807772662821
43 97 -10.234419516783049
47 97 -7.7137189619401347
53 97 -5.6261142181862702
57 97 -7.9903452898551137
73 97 -16.696230613258336
78 97 -10.06291185003068
22 98 -7.0410302583919222
39 98 -3.9725027709316909
22 99 -2.970104344499676
23 99 -2.9671282636174823
26 99 -2.6286431407006026
28 99 -2.605507627719625
29 99 -2.5799867687895022
39 99 -1.4762029471759976
40 99 -1.1240295895244627
43 99 -1.4675078859039117
23 100 -5.1694381191603096
26 100 -4.8309529962434299
28 100 -4.8078174832624523
31 100 -4.6820887371812283
40 100 -3.6831396411139457
44 100 -3.6590883921676975
76 100 -12.557521746181804
80 100 -5.9243011885577896
27 101 -3.8428406087993268
30 101 -3.7137641110544028
32 101 -6.2499054000189744
41 101 -2.3868217372543925
27 102 -7.9712073441039131
36 102 -7.1460199642454567
42 102 -6.5151884725589779
47 102 -6.7726410346625476
53 102 -6.7759101986419621
57 102 -7.0051124389638009
22 103 -4.1604288243098946
26 103 -3.8187654146019208
28 103 -3.7955953436327885
29 103 -3.7700371767459755
39 103 -2.485864205340393
43 103 -2.2887801777246581
63 103 -2.6966395104231085
65 103 -5.1149411444024837
67 103 -5.4626345257802473
87 103 -12.137314497010543
18 104 -2.4483814784233813
22 104 -2.1333103205069457
23 104 -2.1303342396247524
26 104 -1.7916469107989723
28 104 -1.7684768398298401
29 104 -1.742918672943027
31 104 -1.6425231343239901
33 104 -0.89551317471811087
40 104 -0.63247862992229642
43 104 -0.6184618699683655
44 104 -0.25093232464266851
66 104 -3.2749139177764572
88 104 -10.100295282353388
30 105 -3.4868305793516146
21 106 -11.398772545013466
45 106 -3.9907642613095353
49 106 -4.3524259321271233
51 106 -5.0176467042170456
52 106 -4.7059269651698612
55 106 -5.0776759652404584
59 106 -6.9987180179278417
77 106 -8.583657122153765
81 106 -8.8234359072644253
24 107 -4.0274659677133178
27 107 -3.9367971848204175
30 107 -3.7869531826872396
31 107 -5.4454373362770117
35 107 -3.091149177383667
46 107 0.069312799029153493
50 107 -0.29444904602676886
51 107 -2.695016973330477
56 107 -1.018298377456113
60 107 -2.9404421369071154
62 107 -0.54317712153777364
64 107 -3.0700019567718528
82 107 -4.7671061342348517
68 108 -3.2936249029249756
71 108 -5.6876363987649441
18 109 -2.24982478415644
22 109 -1.9350072679674206
26 109 -1.5930229189424474
28 109 -1.5697915693808269
29 109 -1.5441667555213203
32 109 -1.0717823450010573
39 109 -0.26000366451306839
43 109 -0.39714491694895188
63 109 -0.34775372257801923
65 109 -0.4396868747306662
67 109 2.329251350041635
69 109 -0.81215338369505119
87 109 -2.3528573708864426
89 109 -2.6398369731504152
103 109 2.4776510819993853
66 110 -2.7668455623773101
70 110 -2.966842761818838
76 110 -3.8669195254892856
88 110 -4.5059886670011293
90 110 -4.7923858640623145
104 110 0.15702780409887968
23 111 -7.8069770718624483
35 111 -3.5820397647659346
45 111 -3.5787299522847618
49 111 -3.1483340305316037
51 111 -3.1446075002141338
52 111 -3.1423043982560461
55 111 -3.6915283559330172
59 111 -3.3085751680290016
81 111 -4.750778902338709
30 112 -2.0396088069349365
35 112 -1.3364062539298498
50 112 -0.91002911180014778
56 112 -1.451822735517571
60 112 -1.0699712543771749
62 112 -1.0964827490195659
64 112 -1.1600681985199122
82 112 -2.5141210966780361
8 113 -6.3435413642649277
12 113 -6.0518247078762464
14 113 -6.0298664007180349
32 113 -4.7528614869796062
68 113 -1.6015209481850408
71 113 -3.9651007537510563
13 114 -5.1042221327780597
22 114 -6.8763860046911462
72 114 -3.6959011639571568
16 115 -7.5534287291590081
23 115 -7.1866603670238645
35 115 -2.9578315414926051
49 115 -2.5064615083872068
51 115 0.28850127650903307
52 115 -0.91083636607796326
59 115 -3.037454198775277
81 115 -0.011040540608901639
111 115 -24.892411438768853
30 116 -6.8779311339944087
50 116 -5.7270677240510866
60 116 -6.2577614195187863
62 116 -5.8746995173308525
64 116 -5.9288650295417229
82 116 -3.2332938693435649
112 116 -28.116823621473255
30 117 -6.1956196698775923
42 117 -5.588984312464671
74 117 -6.5442355183966825
84 117 -2.5479782417208163
102 117 -3.7171661654373298
27 118 -3.4257698460821691
61 118 -2.6585285298840708
75 118 -3.64331141524382
85 118 0.35403919302549619
14 119 -12.269929405485037
32 119 -10.992119575735348
68 119 -7.7789298900613781
71 119 -7.8333895064942727
113 119 -29.877516632882624
30 120 -7.2003852646132946
60 120 -7.9024670707722091
64 120 -6.6946051790173664
65 121 -8.1827607147277774
73 121 -4.8868401970500637
93 121 -9.2952758428492697
22 122 -4.298039353223098
26 122 -3.9559339563938742
28 122 -3.9325631427546019
29 122 -3.9067786422020134
39 122 -1.7648799493955092
43 122 -1.7754503378538991
95 122 -3.9180958804511192
23 123 -4.9315441698457603
26 123 -4.5924148538987311
28 123 -4.5690440402594588
31 123 -4.4416285700918534
40 123 -3.3419202715488683
44 123 -2.4012018860797144
76 123 -0.3983802191336942
96 123 -5.0724550534281114
30 124 -6.5849808987665117
52 124 -6.4735136279665291
105 124 -13.820049168496251
39 125 -3.0960481863833564
43 125 -2.3163934289314052
63 125 -2.7518186562872851
65 125 -2.7676258556217128
67 125 -3.3680775505916003
69 125 -5.6940122748302491
87 125 -3.8130079557954497
89 125 -6.2007798330695563
95 125 -4.3654617878939117
103 125 -5.4640712229627919
39 126 -7.3348447873770457
43 126 -7.3434302016274149
66 126 -7.0486978909994438
70 126 -9.4098352098748155
76 126 -4.0252384251134101
88 126 -7.5255754655411566
90 126 -9.9144622809022334
96 126 -8.604258388887601
104 126 -9.3435148258351184
0 127 -6.6350292404174427
1 127 -6.6166215259929517
13 127 -4.638693708640246
41 128 -5.3291743382723213
45 128 -1.5119079882043378
52 128 -0.086208363418438461
55 128 -1.1875046206341673
59 128 -0.4817737474870612
77 128 0.061400959894155116
16 129 -3.651942766373323
17 129 -3.2229649653066685
18 129 -3.1977012366386495
23 129 -3.6935110432450551
24 129 -1.3821835833870826
30 129 -1.1524965277338319
35 129 -0.41282322972284474
42 129 -2.1186635934455773
45 129 0.12818161197632455
46 129 1.6913720088856765
49 129 0.16689319827850108
50 129 0.50521608437175214
51 129 0.18119323119600134
52 129 0.19466011720904314
55 129 0.27832804700372699
56 129 2.0150759039015038
59 129 0.28157166512814674
60 129 2.7197050702849905
62 129 1.0756302483541802
64 129 -4.3381686806847828
0 130 -5.940505586102895
1 130 -5.5122164082690874
35 130 -0.41140459256237843
46 130 0.13143134686150398
50 130 0.16831183543896738
56 130 0.28087830933456343
60 130 0.28299030228861305
62 130 -2.0225007698667632
73 131 0.79369126635031839
83 131 -1.764459792249387
93 131 2.2358686653411151
101 131 0.78357976343393387
53 132 -4.7326181038418316
57 132 -4.6310774662003711
74 132 -2.1128672771821146
78 132 -4.9090786246170195
84 132 -4.9571376457061138
94 132 -0.9566371177835733
102 132 -2.1235193354477544
89 133 -2.6198352776306
91 133 -8.1478785152778119
95 133 -1.025384214391956
103 133 -2.5399852539381298
109 133 -7.4191779266332851
125 133 -2.1316834007662329
39 134 -1.8683088737104465
66 134 -1.4973415880098233
76 134 1.0451701529597206
88 134 -1.8609394377592454
90 134 1.1344739653100431
92 134 -4.3958213614294097
96 134 2.2014003123582619
104 134 1.0345180946940808
110 134 -3.8329430706812495
126 134 1.0951011259839825
131 135 -4.115072490392083
89 136 0.5596820152290567
91 136 0.27151272635163831
95 136 0.58913142199101487
109 136 0.34445383362745696
125 136 -0.50436822556199123
133 136 0.7792323422304066
66 137 -0.86615378513914143
70 137 -2.9472693315220249
90 137 -0.021547639758421389
92 137 -0.30843997848262378
110 137 -0.41317571612136478
134 137 -0.32843779884730356
13 138 -6.7303550577559603
22 138 -8.3536237468006238
72 138 -4.088242012713442
83 138 -5.1310302540262391
49 139 -8.1511257537221073
51 139 -8.1311149328103589
84 139 -9.5237217390051221
65 140 -5.3428010156145085
73 140 -4.7346028341063153
93 140 -1.5319521583685103
121 140 -6.1974546207497179
22 141 -3.6301457058109183
23 141 -3.6301457058109183
24 141 -3.3454951650192402
26 141 -3.2930415121661922
27 141 -3.2669074835017438
28 141 -3.2671942618618992
29 141 -3.2414812548444942
38 141 -2.0395513580216527
40 141 -3.6590286102915264
47 141 -1.7664544938181419
66 141 -2.6615361572960978
67 141 -1.8350457598241798
69 141 -1.4235068716051678
74 141 -1.430611329974683
94 141 1.4859297161379383
22 142 -5.6706715771696521
26 142 -5.3314313249283609
28 142 -5.3081549922852318
29 142 -5.2824419852678268
31 142 -5.1808620034116224
34 142 -6.0689694627880426
36 142 -4.4278627394366792
48 142 -3.8037653444539616
70 142 -3.4608177222409875
75 142 -3.4694007044366906
86 142 -5.1073448027668107
53 143 -9.2506033970071826
55 143 -4.8830540383479244
57 143 -9.8477471619201982
72 143 -6.8782329612085844
77 143 -6.8829513805992359
81 143 -6.8896567624093841
106 143 -4.2488713572521428
13 144 -8.7577772027511944
39 144 -7.5131120488193286
83 144 -5.4664601785734197
23 145 -3.9876238760891218
36 145 -2.7415423261605798
40 145 -4.4186046684600075
47 145 -2.1151561351968837
53 145 -0.6778697797320643
57 145 0.28970250360011812
67 145 -2.5622591088963156
69 145 -2.1484440975605437
73 145 -1.7240668228706753
78 145 -1.7287982089251213
84 145 -1.7355158154343659
93 145 -1.9542455208217104
97 145 -2.0462284907175907
34 146 -5.9727859175728089
54 146 -1.8569216435302729
58 146 -0.88871605546321852
70 146 -3.3268626566238808
74 146 -2.9037513767167042
79 146 -2.9085084782162505
85 146 -2.9152520543008476
94 146 -3.1326640798850471
76 147 -4.5359071456827893
80 147 -4.540736737340878
86 147 -4.5475536357023136
96 147 -4.7458156774813043
100 147 -4.848000815006472
49 148 -10.238655183833488
55 148 -10.554414677203221
59 148 -10.375191506180412
105 148 -7.6549718295610125
124 148 -4.7942473048822238
30 149 -5.9542722005687798
60 149 -6.299169394319045
64 149 -5.0183977876869195
120 149 -4.6730033429495208
91 150 -3.7387330133743872
95 150 -3.3008111964425155
98 150 -3.0030790710383495
103 150 -0.57814706437887664
109 150 -0.87322293351594249
122 150 -4.1583303899572117
125 150 -0.59842470965225958
133 150 -5.4787127516080441
92 151 -6.4596725693152264
96 151 -6.5616691425034377
99 151 -6.6520133312835306
104 151 -3.4657493396791401
110 151 -3.7599847873531473
123 151 -7.798287595897091
126 151 -3.8575395225534161
134 151 -8.724924934647067
65 152 -6.0023901697006341
73 152 -2.7504337890617672
83 152 -3.9036500059897095
93 152 -4.3677271684921664
101 152 -4.7699271660311453
121 152 -0.22596033991931247
131 152 -6.2792056844963025
135 152 -13.782066724338277
63 153 -1.1865562283022535
65 153 -1.4791946826662179
69 153 -1.6172609488578735
87 153 -1.7132713430493438
89 153 -3.8246958404447313
95 153 -3.4014527599505295
98 153 -3.1057597431752546
103 153 -3.8889229234639995
109 153 -4.0133563766120179
122 153 0.80314655231002074
125 153 -1.4318131564865666
133 153 -5.3358893042901636
136 153 -12.861139800161389
150 153 -25.344664519533012
66 154 0.44434916695240562
70 154 0.89733254028456444
76 154 0.46627912922319553
88 154 0.80457757139195185
90 154 -1.3079618640904056
96 154 -1.4395403103426265
99 154 -1.5115669749997418
104 154 -1.553754803095438
110 154 -1.6646967872462999
123 154 2.3973393204855333
126 154 0.5318424262811019
134 154 -3.3484400058035946
137 154 -10.874375349142754
151 154 -23.750471751357495
35 155 -3.0981495458092771
38 155 -4.7911186818416587
41 155 -4.7659395954176418
47 155 -5.2948729286037439
53 155 -4.3910131705331237
57 155 -4.9221016124756005
72 155 -1.7678742790254889
77 155 0.43757897024642783
81 155 1.1815628598728045
106 155 -0.85481066911973169
128 155 0.4956650599841676
143 155 -3.2781468050558669
36 156 -7.6593468600496957
54 156 -7.7044172822159984
58 156 -8.233667381034488
61 156 -7.8102326569414346
77 156 -5.0747588993998143
81 156 -5.0611776351432454
82 156 -2.1425177872638614
106 156 -7.2797286666954655
107 156 -4.1801790113140562
111 156 -7.2913008636548362
129 156 -2.8277147043948032
35 157 -7.6813072184498541
67 157 -7.3278834362678538
69 157 -6.90301047061714
73 157 -6.361479686324695
78 157 -4.1564179777140859
83 157 -6.3331929411094681
84 157 -3.4128281970831433
93 157 -6.2475984597121572
97 157 -6.2451168884521797
101 157 -6.2462401550826172
131 157 -8.8750765714721407
145 157 -7.8685667262677272
34 158 -5.7598504504757422
70 158 -2.9274957619656226
74 158 -2.3867746831095533
78 158 -2.3735659293012659
79 158 -0.18173868994404369
84 158 -2.3599968897437926
85 158 0.56182512111154592
94 158 -2.2720837510606398
102 158 -2.2707254464310997
132 158 -4.9017084497744259
146 158 -3.8930520176162098
77 159 -7.1523053270400299
105 159 -2.9375172846859567
124 159 -4.711417946663742
127 159 -5.5119935776477567
72 160 -3.1868331259380445
78 160 -4.4121038475356231
81 160 -2.4821176626524317
106 160 -0.29598186168729451
128 160 -2.8636643651722387
143 160 0.12400724449825978
155 160 -12.433474368598514
41 161 -4.2506277581253951
53 161 -3.8635737463788264
64 161 -2.6378621408744913
72 161 -4.6960301014780947
77 161 -2.373107333520831
79 161 -3.6092791658729539
81 161 -2.3531254119593386
82 161 -1.6887295451984363
106 161 -4.4270903759694518
107 161 0.49740625576670067
111 161 -4.4055501616166834
129 161 -2.0702762477182435
156 161 -11.640086251144517
73 162 -9.7760711724516209
78 162 -7.4531613711581501
80 162 -8.6607390059264535
84 162 -7.4331916742957542
88 162 -8.2155709292651888
92 162 -7.3476639817142591
97 162 -9.53143941990397
102 162 -7.2144094781570161
132 162 -9.4597013697223584
146 162 -4.1592995728775879
158 162 -16.717833856195089
53 163 -10.430418040490295
72 163 -7.7003022974474531
81 163 -7.655514516675372
106 163 -7.3793409247436079
128 163 -7.2531296514352288
39 164 -8.6698514986979944
72 164 -6.7554677458559116
83 164 -6.1123896120239314
35 165 -3.5662531335697669
40 165 -5.2283220398227384
43 165 -5.2026503812950846
45 165 -2.888291585625169
49 165 -2.8361681717208111
51 165 -2.810423473164914
52 165 -2.7849505175986597
55 165 -2.4799783753854965
59 165 -2.4549604007019972
73 165 -2.1216033322201713
78 165 -2.0994627230388905
81 165 -4.3801611027359861
83 165 -2.0775760097419407
84 165 -2.0775881892584835
97 165 -1.8401921406980775
101 165 -1.8236320169762588
30 166 -5.3429595603645144
35 166 -4.5997759053409952
44 166 -6.2361731530663125
45 166 -3.9218143573963968
50 166 -3.869690943492039
51 166 -6.1465313379301882
60 166 -3.488483172473225
62 166 -3.463610835417438
74 166 -3.1553265367925203
79 166 -3.1332246097201337
82 166 -5.413683874507214
84 166 -3.1123925459077402
85 166 -3.1113760906976333
102 166 -2.8571547887474869
38 167 -6.7001771740116975
47 167 -6.3833026320220112
54 167 -6.2829499527463275
58 167 -5.9725266767949128
61 167 -5.9511137017580387
70 167 -5.7840562586957578
75 167 -5.6186459013360848
76 167 -5.5615648743477388
80 167 -5.5395354374338952
85 167 -7.8794519041965669
86 167 -5.5177602406882329
88 167 -5.5071406969960979
90 167 -5.495563496827689
100 167 -5.2695143803495927
104 167 -5.2530594650245481
72 168 -2.8293348230383013
83 168 -4.20621336753526
114 168 -2.3042267272857289
127 168 -1.9940617739560098
138 168 -1.2514843343463447
84 169 -4.8459975948756666
105 169 -2.3911650887864333
111 169 -2.3559766560091218
114 169 -2.3173050293499182
115 169 -2.3184635984255841
124 169 -2.1058447473651238
139 169 -1.9001574123595757
143 169 -1.8542450376047273
155 169 -1.6562624326829429
163 169 0.51396721026599668
85 170 -9.868289474397459
112 170 -7.3904195498861718
115 170 -7.3551931430840671
116 170 -7.3551931430840671
156 170 -6.6898341676479118
72 171 -6.4063899819474912
77 171 -6.3806750587213852
106 171 -6.0001162031686128
111 171 -5.9508720378364917
115 171 -8.2288412367261436
117 171 -5.9262561437320986
129 171 -5.692580846127905
131 171 -5.6697402012285707
132 171 -5.6697402012285707
141 171 -5.4639845886182172
145 171 -5.427846923064104
157 171 -5.2368280450910056
165 171 -3.0759316976256192
34 172 -5.6581693971320224
45 172 -2.9398344204793041
49 172 -2.887592169084706
70 172 -2.7445420293138936
75 172 -2.1310985135482809
78 172 -2.1055229432858349
82 172 -2.0797023288581675
84 172 -2.0798539065209241
86 172 -4.1070278693989906
102 172 -1.7498812141781768
107 172 -1.7248247347694026
112 172 -1.6755805694372805
116 172 -3.9535497683269329
117 172 -1.6509646753328875
118 172 -1.6509646753328875
130 172 -1.4172893777286939
132 172 -1.3944487328293604
142 172 -1.1886931202190061
146 172 -1.1525554546648928
158 172 -0.96153657669179537
166 172 1.1994159115993606
168 173 -4.3333144241930288
114 174 -3.7582018104263497
128 174 -3.5735541246012721
131 174 -3.2966048211961683
135 174 -3.2479909307453205
138 174 -2.6946092944302489
140 174 -2.8494404628001382
144 174 -2.3971066450749867
152 174 -2.7022670592841007
164 174 -0.46986299693206807
64 175 -3.7023648757755487
72 175 -3.4153746884331686
77 175 -3.3895861324787169
106 175 -3.0068758078402831
111 175 -2.9571501643804186
115 175 -2.9322690141030141
117 175 -2.9349940035136695
129 175 -2.6949621860471598
131 175 -2.6716201899226282
132 175 -2.6765204498584727
135 175 -2.6264502717385123
139 175 -2.4591473359324163
141 175 -2.8661750122047738
143 175 -2.4211713373912809
145 175 -2.425206475165842
157 175 -2.2090123460049584
165 175 -0.49898783999970259
171 175 0.40323142974619292
172 176 -4.3209204575315265
79 177 -8.073418955375482
117 177 -7.6148091456271079
121 177 -7.4141102039503348
132 177 -7.3563355919719111
136 177 -7.2768007417591525
137 177 -7.2768007417591525
141 177 -7.1405250462100476
145 177 -7.1050216172792799
151 177 -7.0531171058823903
154 177 -7.0350989163190629
53 178 -9.1654921599084194
77 178 -7.0221330325944189
81 178 -6.9957811029262826
106 178 -6.6268536067887664
114 178 -5.2949928980015954
124 178 -4.5890723850270625
127 178 -4.563815043006163
128 178 -7.1257544896114515
148 178 -4.1999377029020826
159 178 -3.8385227375455502
163 178 -6.3988665640254521
111 179 -6.2180997231523092
114 179 -6.185227633319732
115 179 -6.185227633319732
138 179 -5.6761851987716998
139 179 -5.7143903526914723
155 179 -5.3525801531535935
160 179 -5.2539913164947114
165 179 -7.7287615734290505
111 180 -2.5071211860068012
112 180 -2.5112449563293628
114 180 -2.481386044525268
115 180 -2.481386044525268
116 180 -2.481386044525268
117 180 -2.936066661858451
120 180 -2.3052578105567325
139 180 -1.9964010267233749
143 180 -1.9425417391901185
155 180 -1.6345908271854965
156 180 -1.6448542274185656
161 180 -1.5443961299498286
166 180 -4.009490662582925
33 181 -8.5318719704118422
114 181 -4.4526722597685984
127 181 -4.1260175019340775
138 181 -3.3502722653217303
168 181 -12.393079601024365
34 182 -6.4353335382903216
78 182 -3.1958154357833761
84 182 -3.1698475697818411
105 182 -1.5376726807759771
111 182 -1.4862914845832633
114 182 -1.4604908438653355
115 182 -1.4604908438653355
124 182 -1.2346281475981917
139 182 -0.97322978318018016
155 182 -0.60415282426431416
160 182 -0.49425969181732438
163 182 -0.47419763463832659
169 182 -10.043719511746577
85 183 -6.969349106715387
112 183 -5.2993507096711365
115 183 -5.2735500689532078
116 183 -5.2735500689532078
128 183 -5.0306521394977342
156 183 -4.4149342166410364
161 183 -4.3031718233841909
170 183 -13.85677873683445
49 184 -4.7763201481823483
73 184 -4.0259964046591294
80 184 -5.2123832516390642
83 184 -3.9700078366139393
88 184 -4.7548055994244018
92 184 -3.865041757664371
97 184 -3.6612129203213497
101 184 -3.6359235939058601
107 184 -3.6064018012048846
112 184 -3.5550206050121709
116 184 -5.8318050572882889
117 184 -3.5309259672448743
118 184 -3.5327343613085409
130 184 -3.2790548621852471
132 184 -3.2577985420617441
142 184 -3.0172908076728779
146 184 -2.9733916514565744
158 184 -2.6666869714284509
162 184 -2.5400405799093155
166 184 -2.5456863344805218
172 184 -12.116350398320588
3 185 -7.9851759573807302
4 185 -7.9642650442912988
5 185 -7.6997440768877077
33 186 -6.8635979372661078
72 186 -3.3235897661567795
114 186 -2.7852787034272981
127 186 -2.4577078668465528
138 186 -1.6800585857378061
168 186 -3.4721295660214735
181 186 -23.310650801324275
18 187 -3.8236553573847059
23 187 -4.3590690639247294
30 187 -1.8607521881340978
34 187 -4.1534013612954821
35 187 -1.1686832592799818
36 187 -2.4147756315591455
45 187 -0.52825744517782303
49 187 -0.46263028723580285
55 187 -0.11179731758483508
59 187 -0.078357410670683303
72 187 0.30098721199126549
78 187 -1.3349245638569436
84 187 -1.3089484784424077
105 187 0.74410453641103125
106 187 0.72347529871745553
111 187 0.7869838152080697
114 187 0.82146178899411115
115 187 0.82146178899411115
124 187 1.0481223519974319
128 187 1.0377203133451895
139 187 1.2965287220154922
143 187 1.3513715212628843
155 187 1.6727250388670716
160 187 1.7936318789995727
163 187 1.8246022992168685
169 187 -0.50821040022553898
182 187 -20.625338692733386
72 188 -3.2057875781448315
85 188 -4.8147068133683977
106 188 -2.7832994914186417
111 188 -2.7255519235667998
112 188 -2.7309255340731782
115 188 -2.6996880910546381
116 188 -2.6996880910546381
120 188 -2.5223807321061158
128 188 -2.4690544767909071
156 188 -1.8443131515020943
161 188 -1.7215370505597383
170 188 -4.0293602802742887
183 188 -24.144654715813708
45 189 -3.142377234652812
49 189 -3.0908004225023995
70 189 -2.5459360587979867
73 189 -2.3379525694967387
75 189 -2.3368962417328558
78 189 -2.3119790959070095
80 189 -3.9327702339119894
82 189 -2.2849214913656994
83 189 -2.2849214913656994
84 189 -2.2860030104924736
86 189 -3.906781923798357
88 189 -3.4751738783909687
92 189 -2.1798987999144521
97 189 -1.9728515282982766
101 189 -1.9475170650774414
102 189 -1.9470012926628137
107 189 -1.9209166891236333
112 189 -1.8694232690527151
116 189 -1.8435594365405534
117 189 -1.8435594365405534
118 189 -1.8441020088737663
130 189 -1.5924782556853336
132 189 -1.5681196116151934
142 189 -1.3288101566765644
146 189 -1.2837420666299075
158 189 -0.96935227597440621
162 189 -0.83342686329177651
166 189 -0.82675217028239389
172 189 -3.1741615672242212
184 189 -23.275345667361655
33 190 -6.5475953562510067
114 190 -2.4702604545386735
127 190 -2.1418299428302285
138 190 -1.3623801102065376
168 190 -2.8529165610332803
173 190 -10.319911760170728
181 190 2.0724055032206743
186 190 -22.935564450953251
148 191 -6.8166181451743064
169 191 -6.1365207814637417
182 191 -1.4952473656957697
187 191 -26.505058998244426
72 192 -4.6423434321042816
77 192 -4.6163529135541541
87 192 -6.1860677404133027
91 192 -4.8907538301674744
106 192 -4.2259963210664466
111 192 -4.1743988893456869
115 192 -4.1484762858257866
117 192 -4.1484762858257866
129 192 -3.8965354298428663
131 192 -3.8711442642008711
132 192 -3.8715197539271684
135 192 -3.821580205253813
139 192 -3.6310667793191529
141 192 -3.6310667793191529
143 192 -3.5855374406158926
145 192 -3.5855374406158926
152 192 -3.5406183613635633
157 192 -3.264975232236428
165 192 -1.0482788035555719
171 192 -5.1744329586618907
175 192 -12.680567950499515
45 193 -2.8344984775465645
49 193 -2.7829829097199155
70 193 -2.6440347148260757
73 193 -2.0295610770217363
74 193 -2.0295610770217363
75 193 -2.0295610770217363
78 193 -2.0035705584716088
80 193 -4.0308960990124314
82 193 -1.9775761505769549
83 193 -1.9775761505769549
84 193 -1.9775761505769549
86 193 -4.0049016911177775
88 193 -3.5732853853307565
92 193 -2.2779714750849291
97 193 -1.664751833640564
101 193 -1.6393450947441983
102 193 -1.6393450947441983
107 193 -1.6132139659839013
112 193 -1.5616165342631407
116 193 -1.5356939307432405
117 193 -1.5356939307432405
118 193 -1.5356939307432405
130 193 -1.283753074760321
132 193 -1.2583619091183258
142 193 -1.0182844242366076
146 193 -0.97275508553334733
158 193 -0.65208612871445437
162 193 -0.50578716167229976
166 193 1.5650389320687665
172 193 -2.561171363863322
176 193 -10.067785595416971
184 193 2.1005578940919798
189 193 -22.924267989363074
33 194 -6.4639037619293527
168 194 1.8348954269511415
173 194 -2.9836655262358431
181 194 -12.112075921565781
186 194 2.1961870265640173
190 194 -22.829396196313688
148 195 -2.5483159616659257
169 195 0.41223289089911391
182 195 -13.818787106103789
187 195 0.48763416365127527
191 195 -24.539807515578808
72 196 -5.9967365442848113
77 196 -5.9707439125279098
87 196 -7.9459136983750618
91 196 -6.6505680694878571
111 196 -5.5283733764340477
115 196 -5.5023964128769123
117 196 -5.5030680926828452
129 196 -5.2496524224871619
132 196 -5.2269925988994972
135 196 -5.1743323636350596
138 196 -7.2850723928034515
139 196 -4.9824872998094056
141 196 -4.9824872998094056
143 196 -4.9365225071079175
145 196 -4.9385043352777558
152 196 -4.891113549742852
157 196 -4.6125052705329752
165 196 -2.8157258872421829
171 196 -1.9256235657513463
175 196 -6.7808528510336847
192 196 -26.888732663814999
45 197 -2.7141223073118814
47 197 -2.7141223073118814
49 197 -2.6626689782496715
51 197 -2.6371542848542422
73 197 -1.9103320752347723
74 197 -1.909761152370077
75 197 -1.909761152370077
78 197 -1.8843524101416653
82 197 -1.857770067312706
83 197 -1.857770067312706
84 197 -1.8583661815402923
97 197 -1.5447097228488866
101 197 -1.5192954086446342
102 197 -1.5192650411291941
107 197 -1.4930912475825684
112 197 -1.4413979845193134
116 197 -1.415421020962178
117 197 -1.415421020962178
118 197 -1.4154781883962033
130 197 -1.1626770305724277
132 197 -1.1375943005491893
139 197 -3.1980970008887168
142 197 -0.89551190789467139
146 197 -0.84954711519318327
158 197 -0.5229516695739882
162 197 -0.77237283685287572
166 197 1.2742563458191691
172 197 2.1638579899194061
176 197 -2.6938774591189505
184 197 -12.046261628331338
189 197 2.2451453905173282
193 197 -22.799961171877793
105 198 -8.294460583284744
107 198 -11.283372191510466
124 198 -8.0148360575837909
127 198 -7.9890254706384178
149 198 -7.6346197435086198
106 199 -4.3721133954663225
111 199 -4.3083170775812105
112 199 -4.3194516367263613
114 199 -4.2558393737060047
115 199 -4.2693928372273762
116 199 -4.281771666259738
120 199 -4.0578206658111728
128 199 -4.055005859131291
149 199 -3.6450359975853952
156 199 -3.4060684861320278
161 199 -4.0649519984848146
170 199 -1.3763652292143105
183 199 -1.8961227144810069
188 199 -14.90165417898622
24 200 -11.57368498927395
27 200 -11.491554013577062
65 200 -8.90238786387253
98 200 -6.5075049563220713
108 200 -4.8562243247517376
113 200 -6.016214042524286
119 200 -6.0083440100674181
73 201 -6.2106976042996589
101 201 -5.8192168838314275
105 201 -2.650547304529538
124 201 -2.3432509080581703
128 201 -2.8387798286537369
148 201 -1.9782079423809575
159 201 0.75635528914009154
168 201 1.0258807595592292
173 201 -3.2810357309695517
117 202 -9.4425088446946663
129 202 -7.5447175575946321
148 202 -6.6977488969572372
149 202 -6.6977488969572372
169 202 -3.7464077497914072
70 203 -5.6117610359084358
72 203 -3.7810615494292024
92 203 -5.2457728373533561
106 203 -3.3638733061372839
110 203 -6.1761103976532095
111 203 -3.3120118069810283
115 203 -3.2859387658085342
117 203 -3.291146807810077
131 203 -3.0060343318143574
132 203 -3.0134176443410894
135 203 -2.9557680024205264
138 203 -5.0640767268027869
139 203 -2.7614916338087414
141 203 -3.1710023626719863
143 203 -2.7147298487584739
145 203 -2.7212480391239224
156 203 -2.3772845424401319
157 203 -2.3843991136799949
161 203 0.043029287532345639
165 203 -0.5851703542166462
171 203 0.30506769543502504
175 203 -3.996844785168185
117 204 -7.5427311598339193
120 204 -4.3873903222298454
129 204 -5.6436804076758058
148 204 -3.9333288436929843
149 204 -3.9333288436929843
169 204 -2.256512110055636
202 204 -0.83486845547950828
77 205 -4.1201842079664113
106 205 -3.7224829863942981
107 205 -3.7323176162178622
111 205 -3.6584652939122377
112 205 -3.6695998530573886
115 205 -3.6194135908875658
116 205 -3.6317924199199276
118 205 -6.5286012032351355
120 205 -3.3714519715673945
130 205 -4.6348015726043643
149 205 -2.9413512520580323
156 205 -3.5446898805189995
170 205 -1.255153538395434
27 206 -11.506294573227109
38 206 -10.366913862342233
47 206 -10.060366551014413
98 206 -6.5307600569191813
108 206 -4.9206746294575563
113 206 -6.0390661982975047
119 206 -6.0310687031698009
136 206 -7.8795484941656682
150 206 -7.188453143369256
153 206 -7.1763071819331588
164 207 -5.0892868988420501
168 207 -0.86614959819812531
173 207 -6.3403370669345041
181 207 -5.2998380095914719
186 207 -5.560929178610821
190 207 -12.770368731039531
105 208 -1.402028496343763
111 208 -1.3529393873065794
114 208 -1.3233847392965243
115 208 -1.3233847392965243
124 208 -1.0902557160494828
138 208 -0.78450786695174646
139 208 -0.81879332268755922
148 208 -3.013047136045778
155 208 -0.37894459076652337
160 208 -0.16168060619026908
163 208 1.7606842057310603
165 208 -2.1305755091022984
169 208 2.6588798716948325
182 208 -2.0480187057967703
187 208 -2.3163484442976481
191 208 -9.5446359756614214
112 209 -5.0980652422599162
114 209 -5.0715182389350559
115 209 -5.0715182389350559
116 209 -5.0715182389350559
117 209 -5.1168195833194021
120 209 -4.8895606089010011
139 209 -4.5527846184957452
149 209 -6.76118063568431
155 209 -4.1129358865747099
156 209 -4.1231992868077789
161 209 -3.9040660414216695
166 209 -5.8632852200324566
170 209 -1.0892536279436986
183 209 -5.7945512345491768
188 209 -6.0644819439361797
92 210 -4.5857669081849606
110 210 -5.1095341489866577
131 210 -3.9612569530336361
141 210 -3.7073121140393988
145 210 -3.6596760271756659
157 210 -3.2865662477395503
162 210 -3.0519192611414021
167 210 -4.9916010466345746
172 210 -0.26657803882073577
176 210 -5.7787637152604363
184 210 -4.96120559308482
189 210 -5.2408764133491994
193 210 -12.470324710194513
39 211 -7.6769528955197899
164 211 -4.2723653352531681
168 211 -2.6361755643710643
173 211 -2.7260107975355861
181 211 0.51519058955998764
186 211 -4.0473714746290117
190 211 -4.306875398188974
194 211 -11.513713066922961
207 211 -24.116554764464102
138 212 -3.1341252396017913
148 212 -3.0597409201255696
165 212 -4.8903511758263827
169 212 -2.6770048424033464
179 212 -3.926090853838291
182 212 0.19031266304172395
187 212 -4.3740910795220085
191 212 -4.6409798745835618
195 212 -11.868684813478136
208 212 -24.750350942248701
91 213 -8.4406331017336971
99 213 -10.259145243709678
109 213 -9.3698581917717334
138 213 -9.8636111237844322
140 213 -7.5610260307903872
144 213 -7.511403465464964
152 213 -7.461864372746974
165 213 -6.8058226102703454
171 213 -7.0978841174393992
175 213 -7.2273383830201228
192 213 -9.067880665772158
196 213 -16.29558560466673
92 214 -3.3657866971798649
100 214 -5.1842988391558471
110 214 -4.2950117872179012
116 214 -3.0261733629007734
131 214 -2.7408811635386225
135 214 -2.6890531144500507
139 214 -4.7887647192306009
141 214 -2.486179626236555
145 214 -2.4365570609111318
157 214 -2.0598009116266569
162 214 -1.8226181849132495
166 214 -1.7309762057165132
167 214 -4.1637668543655
172 214 -2.023307125155184
176 214 -2.1524919784662906
184 214 0.86473563474683246
189 214 -3.7146823587232989
193 214 -3.9935344975054656
197 214 -11.220739200112899
210 214 -24.085545330343194
36 215 -8.6620271074075781
77 215 -6.1935617112620287
106 215 -5.7957005772451566
111 215 -5.3258718400012706
115 215 -4.8811438009594115
120 215 -3.4145352284728054
124 215 -3.3421502266395748
127 215 -3.3155650263992853
129 215 -6.4487209203272942
148 215 -2.9207300336308033
149 215 -2.9426838959024613
159 215 -2.3555396898226832
39 216 -7.6122661585205504
168 216 -2.418723270611439
173 216 -2.4823356002704253
186 216 -0.052060386913501733
190 216 0.66496698968741841
194 216 -3.8935433965686332
207 216 -13.263070641991369
211 216 1.0428623648554352
138 217 -2.5641974126855098
148 217 -2.4891962467091879
179 217 1.9511865399201431
187 217 0.087271652688798829
191 217 0.80244057293733806
195 217 -3.7579452492077241
208 217 -13.430815175280671
212 217 0.87314518239521255
131 218 -2.6332325961410779
135 218 -2.5812034858578357
139 218 -2.3771679701885557
141 218 -2.3771679701885557
145 218 -2.3276123626721192
157 218 -1.9458539125200804
172 218 -1.7616752800638533
176 218 -1.8635562898981193
189 218 0.32546880951831642
193 218 1.0224874417026322
197 218 -3.5562148541316523
210 218 -13.186800716567452
214 218 1.0992187025968576
124 219 -3.0518925963774759
128 219 -3.1543842249484166
135 219 -4.8459802041482689
148 219 -2.6284894338007736
159 219 -2.0498374614804091
168 219 -1.7907542882069065
173 219 -1.8828097151740413
186 219 0.91827823971414269
190 219 -3.1745550717482822
194 219 -3.3882878709592137
201 219 -4.1874760050279294
117 220 -5.5476561302356151
120 220 -3.6255933505714855
129 220 -3.6444485211847644
132 220 -6.4800610987461944
148 220 -3.190053034664595
149 220 -3.190053034664595
187 220 0.075590572616190232
191 220 -4.0002532162635527
195 220 -4.1949941812029081
202 220 -4.6965430568241198
137 221 -9.7802484410188555
138 221 -7.5483710409367637
152 221 -7.447975923107256
156 221 -7.113280741597575
161 221 -6.862997006236851
165 221 -6.7657208544812075
171 221 -6.8686460008816459
175 221 -6.9557475222807863
192 221 -8.2519675447069982
196 221 -8.4632288833131035
203 221 -8.9795828129637414
129 222 -7.7198269888094115
132 222 -10.307414978845561
149 222 -6.8355994469236183
169 222 -4.3435879514396447
191 222 -3.5519757649548054
195 222 -7.6255522967537983
202 222 -8.0576602884504673
204 222 -15.544735870165646
220 222 -28.47236354348215
72 223 -2.982322722794414
106 223 -2.5586635421489889
111 223 -2.4942695035118998
112 223 -2.5054040626570506
114 223 -2.4414282932616955
115 223 -2.4549817567830665
116 223 -2.4673605858154288
118 223 -4.5532391529143084
120 223 -2.2225668745754108
128 223 -2.2342902818770223
130 223 -2.6550897279939116
149 223 -1.7860761907502738
156 223 -1.5111646908666772
161 223 -2.0810498838728293
170 223 0.71362904596461418
183 223 0.20317395675258171
188 223 -2.6534840147215562
199 223 -2.7658792725160186
205 223 -10.495212613992301
27 224 -9.1553766304548212
38 224 -8.0387708932138793
47 224 -7.7375389426335675
98 224 -4.2187040883491012
108 224 -2.5669805807940893
113 224 -3.7263725778146597
119 224 -3.7181390389827937
136 224 -5.5600441482800482
150 224 -4.8558848830274322
153 224 -4.8420475162731069
200 224 -1.9014474516498592
206 224 -10.619553816653291
98 225 -10.401303454752904
114 225 -9.5368494942229649
138 225 -8.4020275523887431
144 225 -7.8684742310134457
164 225 -7.4441850438418928
91 226 -5.1119914251034269
99 226 -6.2749138479794082
109 226 -6.0390472469131034
111 226 -3.1746703328077706
114 226 -3.1482756718874247
115 226 -3.1482756718874247
131 226 -2.8616821421905465
135 226 -2.8094099215544626
138 226 -2.6039245678787069
139 226 -2.6039245678787069
145 226 -2.9759964861611805
152 226 -2.5028285643671575
155 226 -2.1638172934366571
157 226 -2.5870110326291917
160 226 -1.9059382231163609
164 226 -1.7975068106214929
165 226 -2.2211291819163921
174 226 -1.8688427147599285
100 227 -8.8695055926071618
112 227 -5.769262077435525
116 227 -5.7428674165151792
138 227 -5.1985163125064613
156 227 -4.7584090380644115
158 227 -5.1723688331238025
161 227 -4.5005299677441153
162 227 -5.7189087220503909
166 227 -4.8070832431999087
171 227 -4.4017508362871292
175 227 -4.4691754733568683
203 227 -6.0632441997141413
117 228 -7.2772676607852862
118 228 -7.2790760548489528
136 228 -6.9113109221051694
137 228 -6.9113109221051694
140 228 -6.7058255684294137
141 228 -6.7317541355301058
142 228 -6.7281042557425934
145 228 -6.6837012651048271
147 228 -7.0607652365019318
151 228 -6.630040066464951
154 228 -6.6047295649178643
158 228 -6.2928379659059042
162 228 -6.0284476386161625
167 228 -6.3048729192803643
177 228 -5.9707437153106353
135 229 -6.0459094878157975
173 229 0.067592750017211711
190 229 -0.42421137517643642
194 229 -3.2939685002392918
201 229 -0.181665265660721
219 229 -13.413880454849039
132 230 -8.960597078895093
148 230 -5.4335642051845783
149 230 -5.452972942788457
191 230 -3.4246322501288846
195 230 -6.2753975409201637
202 230 -2.776645916016609
204 230 -6.6083923229677399
220 230 -16.295091634300316
222 230 -1.9688050534285713
137 231 -9.7975681136366681
175 231 -3.9289356067928916
192 231 -4.4252645021960868
196 231 -7.2925501666541175
203 231 -3.8114699687559823
221 231 -17.3270493140637
106 232 -9.6607366346844614
111 232 -9.19100178373529
115 232 -8.7462872733283437
148 232 -7.5870635815410399
149 232 -7.6090174438126974
156 232 -9.8065787761657557
159 232 -6.9561975458971714
198 232 -6.864796361327592
132 233 -6.2979962909896345
158 233 -6.3895204502972645
160 233 -3.6465598222343956
170 233 -1.0688909932809099
180 233 -0.64481460792441037
183 233 -3.4518328358762775
188 233 -0.26253147615799571
199 233 -3.6496678984258955
209 233 -0.6596862183925023
135 234 -6.6551000736510897
152 234 -6.8502107719496799
159 234 -4.6083858073059867
173 234 -3.6014116134462189
181 234 -3.820503180000558
186 234 -1.4306744975684174
190 234 -3.9124911307130779
194 234 -3.9670506818395324
201 234 -4.6549973828085545
207 234 -5.2041366950023455
211 234 -5.4181032510034175
219 234 -13.442581667817139
64 235 -4.1613977145311942
66 235 -7.1617523397944316
117 235 -4.2420458510420991
120 235 -3.157407825852355
129 235 -3.1489404506869501
132 235 -5.1733832767919701
138 235 -2.7920090370841026
149 235 -2.7145393163949989
179 235 -1.7896703643538128
182 235 -1.8403290382113966
187 235 0.56451389512714267
191 235 -1.9003132154348359
195 235 -1.9458803670498637
202 235 -2.074502889347078
208 235 -3.2143451934135814
212 235 -3.4114517508743845
220 235 -11.142918173526596
118 236 -9.0291187637603585
130 236 -7.9412644849325504
149 236 -7.5180315398111732
180 236 -6.5890826201820385
183 236 -6.6381347898102083
188 236 -4.2351257134401017
199 236 -9.112868441005018
209 236 -8.0137519158985189
152 237 -7.6092703156645509
186 237 -4.1245113648738077
190 237 -1.7347513243400869
194 237 -4.216486041589099
201 237 -1.8478581854136695
207 237 -1.4156301663618356
211 237 -5.5083532305364926
216 237 -12.873310646039709
219 237 -6.5424444488527698
234 237 -26.369412528294013
64 238 -2.3930320222153569
66 238 -5.3933866474785948
117 238 -2.8799310667582638
120 238 -1.3684435984106202
129 238 -1.3814151266751897
132 238 -3.8113189118900279
148 238 -0.92529559272889061
149 238 -0.92529559272889061
179 238 0.038193035237515216
182 238 1.8818641262173816
187 238 -0.031475264110248757
191 238 2.3752742990061537
195 238 -0.08746858397128171
202 238 2.8755169090302339
204 238 -2.6378876204990354
208 238 2.6720090432949273
212 238 -1.4038540223394602
217 238 -8.7328529660001095
220 238 -2.0999003535797995
222 238 -9.32685997392886
235 238 -22.226801269703849
118 239 -6.108097396774637
130 239 -4.6148325782189037
170 239 -0.97819098425067108
180 239 -3.202312637888824
183 239 -1.3570350426795439
188 239 -3.2722082899756066
199 239 -3.3771585207288264
205 239 -5.884616805311536
209 239 -0.56849109648812335
223 239 -12.57358915874136
236 239 -25.471386910418136
70 240 -7.4303968508730396
117 240 -4.9770271110278719
120 240 -3.4643720068347559
132 240 -5.9084821153195968
149 240 -3.0209894780491595
156 240 -2.7204970943010767
161 240 -2.8498504621398144
169 240 -1.8625301958770075
182 240 -2.0458424384772127
187 240 -2.064759735024539
191 240 -2.0862505852499771
195 240 -2.1105849933400047
202 240 -2.2006413918542975
220 240 -10.803001946550353
68 241 -8.8357605272459505
71 241 -8.8103065154492359
98 241 -8.657826575830418
114 241 -7.8143056604083494
138 241 -6.6753215113602584
144 241 -5.7350426572761615
164 241 -3.8618709665427016
225 241 -6.0473456338961613
49 242 -12.614781729902285
71 242 -10.480381116295533
98 242 -9.1889696553757165
108 242 -10.526913440333567
113 242 -11.130007857518351
119 242 -10.716404418123354
135 242 -10.797039529407735
140 242 -9.9515629247212729
144 242 -9.2619180103754513
152 242 -10.180414644262068
35 243 -4.7403222242815746
50 243 -4.0729010832719883
68 243 -4.7866157838957832
71 243 -4.3556966639909049
98 243 -2.980145055012279
99 243 -2.980145055012279
113 243 -4.9035359193437644
117 243 -2.8746486998208365
119 243 -4.4717754355309465
131 243 -2.5628850365793192
132 243 -2.5897940038270559
135 243 -2.510165656314912
136 243 -2.510165656314912
140 243 -2.3014016918757005
141 243 -2.324972967351786
144 243 -2.24961582723942
145 243 -2.2756596723258733
150 243 -2.2236444527098063
152 243 -2.1975628171903758
153 243 -2.1975628171903758
157 243 -1.8669596059578819
117 244 -5.1762547483854711
118 244 -5.1780631424491377
121 244 -4.9573745551088217
132 244 -4.891400052391691
136 244 -4.8003145261057769
137 244 -4.8034079660134914
140 244 -4.5915505616665655
141 244 -4.6265790159164206
142 244 -4.6229291361289091
145 244 -4.5772657208905079
147 244 -4.539764697030285
150 244 -4.5137933225006712
151 244 -4.5137933225006712
153 244 -4.4877116869812408
154 244 -4.4877116869812408
158 244 -4.1666878088555821
162 244 -3.8691083122356815
167 244 -2.3349898762468095
177 244 -3.2909221194572957
228 244 -5.6443879490881725
275 245 0.76315278376718743
178 245 -3.0585538005022301
185 245 -3.018107028159831
198 245 -2.9475432166264697
206 245 -2.8802353436549617
215 245 -2.677069184417475
224 245 -3.0141113846546896
230 245 -2.562403585146003
232 245 -2.3780844114660611
249 245 -2.0962873992553184
255 245 -2.0002785355053532
260 245 -1.976656198929835
263 245 -1.952473496709016
264 245 -1.9286488878536727
269 245 -1.7105582787251401
270 245 -1.7105582787251401
271 245 -1.7105582787251401
272 245 -1.6859736520433501
273 245 -1.6859736520433501
299 245 -0.4730816587923008
274 245 -1.6859736520433501
276 245 -1.6617816938330834
292 245 -0.83415237855826474
278 245 -1.637473641825578
335 245 0.68966820204389778
281 245 -1.5888985885075537
282 245 -1.5635865932178086
284 245 -1.415231120840541
285 245 -1.415231120840541
290 245 -0.85982620562428957
298 245 -0.4730816587923008
320 245 -0.0031503722657233446
302 245 -0.44690174218836676
303 245 -0.44690174218836676
306 245 -0.42075035020260065
307 245 -0.39502887850819901
308 245 -0.39502887850819901
311 245 -2.4100800368537856
312 245 -0.10749494385974012
314 245 -0.081268925536571945
316 245 -0.055801665932242006
318 245 -0.029420010157133358
319 245 -0.029420010157133358
322 245 0.023185672612145769
324 245 0.30894239956428171
325 245 0.30894239956428171
327 245 0.33497627315140432
329 245 -1.9416653488824398
330 245 0.36091974411160566
331 245 0.38656332178266473
332 245 0.38656332178266473
333 245 -1.8902195218411055
336 245 0.71412476589059315
108 246 -7.8988881266884583
98 246 -5.1659418403949777
97 246 -7.5328110210305308
78 246 -7.8686052691000894
113 246 -7.4413327823625472
71 246 -6.8927763836457423
68 246 -7.3236605674407684
51 246 -8.5656288055516807
49 246 -8.5903327549384798
153 246 -5.781985350654069
152 246 -6.1573774444989198
150 246 -5.7967192530023786
144 246 -5.2389412371450854
140 246 -5.9286343844909801
136 246 -6.506992771729065
135 246 -6.7742048975214715
119 246 -7.0095894057600523
211 247 -4.1814247486028204
207 247 -1.8176907576615862
194 247 -3.7750700858490562
190 247 -1.4611306828186765
181 247 -1.44656954941969
173 247 -1.6939216900339273
168 247 -1.7533396547061195
159 247 -3.0058394126093226
148 247 -3.665215323985386
124 247 -4.0968419116822972
201 247 -4.6508514768122362
174 247 -1.931829668544139
186 247 -1.4521200662852878
195 248 -6.5479903072495018
191 248 -4.2340509042191226
187 248 -4.2250402876857329
182 248 -4.2182353285369647
179 248 -4.2135987470261593
175 248 -4.6938917214069154
149 248 -5.6451942276279166
212 248 -6.954344970003266
208 248 -4.5906109790620313
202 248 -6.5783338313871349
156 249 -7.2507090396242964
192 249 -6.2316969328701566
140 249 -7.717642973806198
144 249 -7.6656131294718648
161 249 -6.948669334225209
175 249 -6.2359085254891085
177 249 -6.6413736335972731
196 249 -8.5431648752957123
203 249 -8.5726286616074923
213 249 -8.9525765938988719
219 250 -5.8829064787984073
234 250 -7.4449825170151271
237 250 -14.649090041007366
247 250 -2.2304759656474706
216 250 -7.5130887143205012
208 251 1.619076653862044
204 251 -2.8789759265538617
248 251 2.0320607611558326
182 251 1.5084160076222299
212 251 -0.84584817793005507
64 251 -3.4276835911510308
217 251 -3.2550845309077987
220 251 -1.0199544113408119
222 251 -3.3985977828826228
235 251 -2.8605236290584055
120 251 -2.4421534378524323
129 251 -2.4285575567591602
148 251 -1.9984779266571508
149 251 -1.9984779266571508
175 251 -1.8610594821881383
179 251 -0.53215796667493498
238 251 -10.088224388783143
191 251 -0.52243563729100884
195 251 -0.52572672069880388
239 252 -13.947205180450212
236 252 -6.7195044207254728
233 252 -13.351830393458307
223 252 -7.2575785745496901
209 252 -2.2358284631627412
205 252 -6.7379567182209286
199 252 -4.3936769134585507
188 252 -4.3897852588189936
183 252 -2.3448881385164304
180 252 -4.3870686170430089
176 252 -5.705122323274824
160 252 -5.2040226330728547
68 253 -7.1096547497859452
71 253 -7.0846021083869655
97 253 -4.897861172361579
174 253 -1.7581404969322196
150 253 -5.5972552306004717
155 253 -3.7104301294218196
153 253 -5.1768880031980462
160 253 -3.4204876816284866
136 253 -5.0915520801546776
138 254 -4.1114170883301995
137 254 -5.5367317743075715
136 254 -5.1312666661994069
140 254 -4.1114170883301995
151 254 -6.4660165172735073
144 254 -4.059368425762214
175 254 -2.5817134166158091
177 254 -4.2035738490484675
192 254 -2.5231953252768693
196 254 -2.5272175867988809
203 254 -2.5428956535511462
213 254 -0.36453644450394457
221 254 0.106704405274681
249 254 -14.21727106997219
154 254 -6.0342697114245141
237 255 -5.3573274959987813
250 255 -0.39716150972480169
216 255 -3.2585967360549501
247 255 -1.7129674122047454
173 255 -1.5127944059911462
186 255 -1.3898294218046949
190 255 -0.93407295308360672
194 255 -2.971283689831989
201 255 -3.8835274361529453
207 255 -1.2382855578925618
211 255 -3.1666699132158804
219 255 -3.9677163283831245
229 255 -6.3924715454944989
234 255 -0.80155766836960907
120 256 -2.3705796929189744
129 256 -2.4027701376842305
148 256 -1.9272272738388874
149 256 -1.9272272738388874
179 256 -0.45643614453890607
187 256 1.1647721780802802
191 256 1.6186701904489875
195 256 -0.42041598218840509
202 256 -0.4096973363891741
212 256 -0.67564924287996808
217 256 -0.72745104804304339
220 256 -0.78011675771474431
230 256 -3.2748900431731274
235 256 2.0807410287611767
238 256 -2.477182377418564
251 256 2.1532065018867028
222 256 2.2389122611044407
236 257 -3.016795129610371
239 257 -7.5768620798883255
223 257 -2.8632207108317047
233 257 -7.1426978092402349
252 257 -2.9443198301958913
71 258 -7.2561030480839985
98 258 -6.1377197841303914
174 258 0.25391102992871328
225 258 -4.1301256576712362
68 258 -7.2810799208988515
226 259 -6.5433725494619459
213 259 -4.0007966226284459
196 259 -1.3595393088832681
192 259 -2.0604846278955793
175 259 -0.96592779937292672
174 259 -3.8866841019706069
160 259 -4.6682028558231696
155 259 -4.9747837848494232
136 259 -6.8687325593260269
120 259 -5.8085370961573979
71 260 -9.4548704627063458
150 260 -8.1466305542861477
152 260 -8.1203426927135105
157 260 -7.8051543400316525
140 260 -8.2248181024513105
135 260 -8.4335900313871619
177 260 -3.7621529107658311
153 260 -8.1203426927135105
50 260 -9.9950167115256168
119 260 -9.5817068575120103
113 260 -10.013170712212533
144 260 -8.1727754475306718
68 261 -10.719720481291999
71 261 -10.694782274200223
174 261 -5.7458552086203891
225 261 -5.1799829004807467
241 261 -13.782214810488199
258 261 -27.241790945634705
98 261 -9.9826411353065527
246 262 -9.854759664583673
242 262 -15.84108582141592
117 263 -4.1450312325002328
113 263 -5.7593874146452091
79 263 -4.6048500100087866
71 263 -5.2001906983879636
50 263 -5.320302783846163
35 263 -5.9691651325722503
68 263 -5.6305940135879018
152 263 -3.4615206086580281
260 263 -24.32911542088879
243 263 -10.886631069816985
177 263 -1.6410070732521667
157 263 -3.132353524844365
153 263 -3.4615206086580281
151 263 -3.4878087219007678
150 263 -3.4878087219007678
145 263 -3.548736574789765
144 263 -3.5139520600080907
154 263 -3.4615206086580281
141 263 -3.5982984917219909
140 263 -3.5659865465506844
137 263 -3.7750438976648861
136 263 -3.7746669668357207
135 263 -3.7746669668357207
132 263 -3.8627833436028243
131 263 -3.8271337066598665
119 263 -5.3279521904069584
219 264 -2.9249371924740126
216 264 -5.2839774453205113
211 264 -5.220049511781343
201 264 -3.2823310441782043
194 264 -2.6782476125357766
237 264 -6.573934495762968
234 264 -1.4899172890900585
155 265 -8.5637683611057476
97 265 -9.7501396916735565
153 265 -10.866337561664809
150 265 -11.050100657537344
136 265 -10.756490600969482
160 265 -8.2707961302176347
225 265 -9.0650781266765694
174 265 -6.5610738235060273
154 266 -6.1381732908722144
151 266 -6.3219363867447509
137 266 -5.6402730139533048
174 266 -1.8232494620205448
175 266 -1.8296697566144677
192 266 -1.7205738111279836
196 266 0.69261834052867477
203 266 0.73011206460419475
221 266 0.80414176018898953
226 266 -4.3369138558839762
109 266 -6.0284423673992205
120 266 -3.768906476591241
155 266 -2.9351661145608126
213 266 -1.852240614566288
160 266 -2.627175311122572
247 267 -6.0440933557563223
250 267 -13.50920772646981
174 267 -4.668519623451524
181 267 -2.2378921720567222
190 267 -3.9891057276531168
194 267 -3.9578619892817239
207 267 -3.6631135142593791
216 267 -5.9359641363248175
219 267 -4.5858883479177219
234 267 -4.7674796567032729
237 267 -7.1227007617236779
211 267 -3.6510932675181231
175 268 -3.1251757351112635
164 268 -4.1846970195150668
179 268 -2.5158543164247926
182 268 -0.70386372899652572
191 268 -2.4797997009795201
192 268 -3.7588024863475895
195 268 -2.469423232768714
196 268 -3.3404894494237944
202 268 -2.4517776516652146
204 268 -4.7410954267681165
208 268 -2.438003322465518
212 268 -2.4434515914054598
222 268 -4.7966799722552036
248 268 -4.5116076359537303
220 268 -2.4775259876564868
235 268 -2.9376104759429116
238 268 -5.3164248166958155
217 268 -4.7663952594589949
251 268 -12.005793250253468
219 269 -2.113253603688642
229 269 -4.3742452999517294
234 269 -2.190728474233095
237 269 0.83837024825019313
247 269 0.28456578321160753
255 269 -11.011238058327992
267 269 1.4384772200286797
181 269 0.48326004260929362
190 269 0.24523861409997771
194 269 -1.5321406872328229
201 269 -0.16477978186603304
207 269 0.84715830761793198
216 269 -1.1595335578030128
250 269 -3.5557675114272445
251 270 -8.3157115860061452
248 270 -4.4708457479766919
230 270 -8.5963536772079134
256 270 -15.805189225266265
268 270 -3.6798511540963883
238 270 -3.6024149422863423
192 271 -2.7915975082882363
196 271 -4.5898440797816242
203 271 -2.3217285714956755
213 271 -4.5308754612017959
221 271 -4.5510333924892183
231 271 -6.8954346907053274
249 271 -2.7178208732435816
254 271 -6.8774774234656793
140 271 -6.4587438722576858
144 271 -6.4069469038375546
150 271 -8.0027630546276054
153 271 -7.5710950065446365
177 271 -6.0152160520600724
194 272 0.50889374814109489
186 272 0.74290798105046973
237 272 -1.9243332069756829
234 272 1.3312579865354117
229 272 -1.8122579085370987
219 272 -1.8614951292070063
216 272 -0.9099379227635136
250 272 1.2663933532865566
211 272 1.1087799065640287
207 272 0.65303571742035238
255 272 -3.5407423910165603
269 272 -23.315158436813505
267 272 -12.610578819213293
247 272 0.35884901045410111
270 273 -27.450373721089047
268 273 -16.740881021502599
251 273 -2.5055245494565801
256 273 -7.3222375110188285
164 273 -8.0225432994519732
192 273 -7.6213626860189772
196 273 -7.2004254451463625
230 273 -5.0219102388572772
235 273 -2.1087292306884424
238 273 -5.3664740027501052
140 274 -7.5313542517844905
150 274 -9.4808929382547475
249 274 -3.9327611857424372
254 274 -7.6473997193384884
231 274 -5.622670839032045
221 274 -5.5884984577489316
196 274 -3.8380331841490554
153 274 -9.0492409491693735
271 274 -28.029233365279051
144 274 -7.4795945651535085
213 274 -3.5217614164782285
308 275 -3.5134228904654226
312 275 -6.0297477333427292
316 275 -6.8022848093576833
319 275 -6.8532225666471227
322 275 -6.9581693734510459
241 275 -7.51386568136724
261 275 -7.1486936259262261
270 275 -8.4781285453689623
273 275 -10.730684874736006
279 275 -7.523126820872668
285 275 -8.2067770744295849
300 275 -5.7164927464321691
246 276 -4.565181267725877
262 276 -12.986832415151913
242 276 -5.405207737631291
206 276 -3.483580401690368
258 277 -13.532264579645528
174 277 -5.3163616327455721
225 277 -6.8675432705825159
253 277 -6.1753700392907227
265 277 -14.551664217151359
100 278 -4.8877291481710392
151 278 -4.144791351711322
150 278 -4.144791351711322
145 278 -4.2324007652241677
144 278 -4.1707816646688194
141 278 -4.2816085719697607
140 278 -4.2224620410247802
137 278 -4.4563589485600614
136 278 -4.4291474319572215
135 278 -4.4291474319572215
132 278 -4.5434728753633982
119 278 -5.1668194863369825
117 278 -4.821663330420261
113 278 -5.5978371149149213
80 278 -5.2141109354125446
71 278 -5.4318539569196354
68 278 -5.4562821203453105
50 278 -5.9734294444629654
260 278 -11.208732799010651
177 278 -2.5730838057129093
162 278 -3.4946990232413873
158 278 -3.8140036319326915
157 278 -3.8158814775996261
154 278 -4.1262205865740729
153 278 -4.1186394012016851
152 278 -4.1186394012016851
136 279 -11.184330905261181
174 279 -7.6974772218614644
163 279 -9.3284596321580082
160 279 -9.5076121145581212
155 279 -9.8057018765646102
153 279 -11.308435562377236
150 279 -11.740013638140947
148 279 -10.040994428878125
97 279 -10.981370994315878
144 280 -6.9351460674349141
143 280 -8.4227428315774784
140 280 -7.5854877900649544
139 280 -8.4841114001979765
138 280 -7.8361217298032297
136 280 -8.161263004688168
135 280 -8.4284751304805745
119 280 -8.3353263784331642
115 280 -8.9778022665122617
113 280 -8.7662740927624494
108 280 -9.2221987737657756
99 280 -9.1165458124779892
71 280 -8.1928713024806132
150 280 -7.4538632544499137
165 280 -7.5752959005362577
157 280 -8.0428323581827108
153 280 -7.4391298652409326
152 280 -7.8145219590857833
111 280 -9.0161820362125287
144 281 -3.7990441329847102
145 281 -3.8602812209349913
146 281 -3.8579470859217393
150 281 -3.7730945348547285
151 281 -3.7730945348547285
152 281 -3.7469815671991804
153 281 -3.7469815671991804
154 281 -3.7541807399665004
157 281 -3.4441277974967028
158 281 -3.4422499518297682
162 281 -3.1226303603037078
166 281 -2.9753097549722223
177 281 -2.1910860453071539
49 281 -5.5889731497811637
68 281 -5.0811184741237589
71 281 -5.0567693680304107
80 281 -4.8393440556972225
100 281 -4.5143160722534592
107 281 -4.4897867746649434
112 281 -4.4286120346716711
116 281 -4.391476534858616
117 281 -4.4482211673530063
131 281 -4.1086368988362274
132 281 -4.1707391089477914
135 281 -4.0569126925728414
136 281 -4.0569126925728414
137 281 -4.0837421965706131
139 281 -3.8854068395119699
140 281 -3.8506379924044736
141 281 -3.9094025107443864
265 282 -5.7580607484050779
226 282 -1.4931765103068326
136 282 -8.2470919229844633
179 282 -4.1415140669876678
225 282 -3.9271862009009619
153 282 -8.7484054058916563
150 282 -8.931973111814866
158 283 -4.0885081069113731
162 283 -4.5796977334468014
166 283 -3.6212409736548188
180 283 -2.670266913617056
175 283 -2.8619739776689874
203 283 -2.5798551783276014
196 283 -2.6152067718379799
266 283 -4.2917546143423726
192 283 -2.6341049461871724
231 283 -2.4588940171909024
227 283 -0.019270575270248724
226 283 -2.4559390475303506
221 283 -0.058017298585725297
213 283 -2.4820536734317629
100 283 -8.2010308776733023
267 284 -7.2798509482523333
255 284 -8.3796290047190567
225 284 -4.8128510089491501
229 284 -8.3760817834713919
216 284 -5.2429846609681254
234 284 -5.8922379810106502
247 284 -2.6829841223055118
250 284 -2.9163221613294215
269 284 -14.740267558474654
226 285 -1.8084138888671935
222 285 -1.7569324570923621
251 285 0.89201042071048864
268 285 -3.8190551517268974
248 285 1.1407285171566943
270 285 -11.311529773197993
256 285 -4.6216009302693637
235 285 -1.757450694426721
217 285 -1.7745520142449536
230 285 -4.046210919339611
192 285 -3.2979370761067233
196 285 -2.8705615860871392
202 285 -1.9484621888558218
213 285 -3.4949867644954442
218 286 -8.6508930396713772
227 286 -7.8058365191813071
252 286 -5.116227353302178
257 286 -10.629838704282029
233 286 -7.7567949609533651
179 286 -8.0735316503755108
210 286 -9.8998672399370786
216 287 -4.7097972395809995
225 287 -2.6135611263103069
241 287 -3.0093121639213969
108 287 -8.2309562931176359
207 287 -4.839287183291848
175 288 -5.6010933180513529
138 288 -6.6583701794616497
280 288 -3.9044018411415276
213 288 -4.9984630409095976
196 288 -5.2764287066223492
192 288 -5.3035890780071249
243 288 -4.6334619622453665
246 288 -3.6655577898340233
210 289 -2.4204882704938528
281 289 -2.225920677174571
218 289 -2.3552614208942484
228 289 -1.2053635969705803
197 289 -2.6812602246461807
244 289 -2.0244133950598533
260 289 -1.9120638399852377
278 289 -2.1350675293043944
185 290 -7.8268256901100619
178 290 -4.7100581819314229
215 290 -4.3049703309150242
216 290 -4.2829803438783678
230 290 -3.1657784780614127
237 290 -4.0125800864060661
256 290 -0.34867444370673256
264 290 -3.8669572577027815
268 290 -0.53506436076340091
273 290 -4.0958410083029566
270 290 -4.094052287805666
229 290 -4.1975005188563896
230 291 -3.1861581643915184
233 291 -3.1504968399426723
235 291 -3.1145399625609431
238 291 -3.0766814059741714
239 291 -1.528633840058319
240 291 -3.0598422227838742
257 291 0.67386387836818185
252 291 -2.0566659181166953
193 291 -6.6527576360058962
197 291 -6.2217994296357482
201 291 -3.5933700902467338
205 291 -3.5419978515488513
217 291 -3.3429151176130443
287 292 0.47380201800968885
280 293 -3.7267125300360404
288 293 -0.90816956557941486
138 293 -6.5925571123344318
175 293 -5.536764010148989
192 293 -5.2372494849212252
196 293 -5.209840389184456
213 293 -4.9274883134941891
242 293 -3.6230222174721933
243 293 -4.5469730455221562
246 293 -3.6080127216019267
262 293 -3.4925361022046615
289 294 0.48542747461807995
263 294 -2.1026806671837628
243 294 -2.2419074521465157
241 295 -3.2046209912474062
225 295 -3.8856598467115395
216 295 -4.9259456662432228
207 295 -5.0576887371015022
153 296 -8.842991652544999
150 296 -9.2736163550474551
136 296 -8.3297028409230602
279 296 -4.2639432147789815
190 296 -4.8851512672607509
247 296 -6.4103102700043646
226 296 -4.4625272612247109
217 296 -4.5271417302904062
208 296 -4.5959250182244347
207 296 -4.5959250182244347
159 296 -6.153795570243771
173 296 -5.1900664449411913
186 296 -4.9103501989193763
156 297 -4.9637185959170997
161 297 -4.6685697179321952
281 297 -2.7438573166337004
249 297 -4.9420168167159622
228 297 -2.9672975754026791
218 297 -3.061245105587338
213 297 -5.4109834388427416
210 297 -3.1287250823343724
197 297 -3.3951133878200244
192 297 -3.4202090124030251
175 297 -3.7205994198739183
203 297 -5.641260081625326
196 297 -5.6952755743784964
244 297 -2.7095574804167288
241 298 -6.3006838737114279
295 298 -7.758875310861626
287 298 -6.4918971133735051
200 299 -8.1107065223735795
242 299 -7.4848732660707693
258 299 -11.226578075907268
280 300 -0.27925176642939903
259 300 -3.7006912972718053
243 300 -1.6245183408386916
226 300 -4.2365712052161628
213 300 -2.075736631483851
196 300 -2.3776396568686211
192 300 -2.4061149609257759
175 300 -2.7136614019218426
174 300 -1.7837119776447454
160 300 -3.6491342565538263
68 300 -4.5964988358595917
120 300 -4.6246910722762866
108 300 -5.2395298135469499
119 300 -4.3578204642881238
155 300 -3.93743145984668
288 300 -1.9021597318743635
246 300 -0.65267379447466167
113 300 -4.7870425583730167
249 301 -5.1930422450612346
260 301 -5.0602139636476879
227 301 -7.9504720501523733
297 301 -7.2573808547030225
289 301 -6.5141152760123511
228 301 -5.6292619721910135
244 301 -5.3196059085349239
281 301 -4.9010724854366785
278 301 -4.9031209743770372
192 301 -6.1126597073957782
196 301 -6.0841844033386234
203 301 -6.0280619914838232
210 301 -5.8046207899668252
213 301 -5.7822813779538533
218 301 -5.7307409070706621
221 301 -8.0052882486495704
207 302 -3.5184899918936643
216 302 -3.3800258728359287
225 302 -2.3318264242660538
241 302 -1.5962022871293211
287 302 -1.5764768833442959
295 302 -2.754836676778631
298 302 -22.59550242678197
108 302 -6.8819345613043499
144 302 -5.540708984759533
98 302 -7.8384747639811758
108 303 -7.2967781794177062
174 303 -3.4214710555299024
213 303 -3.712335697538212
226 303 -3.5699823285694725
243 303 -3.2578452441835886
246 303 -2.3024699422690236
259 303 -3.0259603053228545
262 303 -2.0538610600463794
280 303 0.50072213349873884
288 303 -3.3413124779872168
300 303 -24.3689291741155
242 303 -2.3241405149975418
175 304 -1.6690718193341323
176 304 -1.6723717472263782
177 304 -1.6396071472413338
192 304 -1.361257090084969
196 304 -1.332739296258143
197 304 -1.3351622026937173
203 304 -1.2765210273690091
210 304 -1.0524269657648417
213 304 -1.0299870370653448
218 304 -0.9782259408183509
221 304 -0.95006889530356786
227 304 -0.89498976656281415
228 304 -0.87636478159550046
243 304 -0.5754965837107211
244 304 -0.56403940493695082
249 304 -0.43459315953142325
260 304 -0.29917465774991397
263 304 -0.29647645906433767
278 304 -0.1394785980532634
281 304 2.2745750910278066
289 304 -1.567459520458149
297 304 -2.2056584431280326
301 304 -22.595076216586428
137 304 -3.5380444025190685
119 304 -4.2358718253089132
113 304 -4.6650533263322389
138 304 -3.3277264085545202
100 304 -3.9476279325278649
68 304 -4.4734423495993738
151 304 -3.254728331388165
147 304 -3.2791752191826138
154 304 -3.2301078988306946
250 305 -3.0153678162741944
277 305 -2.7924506986265563
237 305 -3.2655945548238945
241 305 -3.2205998833223379
258 305 -2.9615899083269968
225 305 -3.5263441194513696
216 305 -3.60062823809759
267 305 -2.8335861818518486
208 305 -4.0943120870090199
265 305 -2.9284069910349331
261 305 -2.9445742196151192
253 305 -2.9967619589728454
296 305 -0.73512476106485858
282 305 -3.235498551280692
279 305 -2.7843363648602146
217 305 -3.9615215404746995
219 305 -3.6274626480252961
234 305 -3.2885152862613207
100 306 -7.7342615055543655
254 306 -1.3003042124385473
259 306 -1.2612991353727718
80 306 -7.628118352878074
283 306 -1.0706750341087905
204 306 -2.130845554343491
266 306 -1.2217451765343368
251 306 -1.2921457707294151
249 306 -2.1656542110116561
162 306 -3.9560500001192982
240 306 -1.5199788069545779
238 306 -1.5423725092791152
235 306 -1.5652932407165414
233 306 -1.5882201060685528
231 306 -1.7783713923795827
226 306 -1.8130054871093018
222 306 -1.8277775027380967
217 306 -1.8774061925528107
199 306 -2.2084588217062242
166 306 -3.4056154848711349
158 306 -3.8595660601519528
268 306 -1.1103641363070693
241 307 -8.105325669307117
108 307 -12.703859077997688
246 308 -2.6306417221028946
262 308 -2.3714814946248364
280 308 -2.8125450801944893
179 308 -5.5710441287936536
226 308 -5.0822004692453593
242 308 -2.6528506934453651
174 308 -4.9368016939042523
153 309 -8.0182580314740868
150 309 -8.4482253689291671
185 309 -6.6952735791633184
178 309 -3.7471063843127914
195 309 -3.6431713551609231
201 309 -3.5912488446119739
208 309 -3.3607204092888909
211 309 -3.3351743713199968
217 309 -3.2843745971828979
136 309 -7.4969964964889364
225 309 -3.209443219457651
226 309 -3.2359403055571669
234 309 -2.9684219507463943
247 309 -2.7273827202425074
265 309 -2.5954202613087944
279 309 -2.4266480647775981
296 309 -3.8750006543990305
219 309 -3.2594241597013771
160 310 -5.535778931484276
164 310 -5.3778912124005798
174 310 -6.8758138332197181
180 310 -4.3380640204430634
192 310 -4.2947242275570785
196 310 -4.2661009753892589
203 310 -4.2096421026446995
213 310 -3.961161047397729
210 310 -3.9838638090897147
218 310 -3.9088213081707157
221 310 -3.8803505746825664
227 310 -3.8245785161120787
228 310 -3.8059535311447648
244 310 -3.490091574294405
249 310 -3.3494326026449901
281 310 -3.0176057009078696
297 310 -4.440857866248046
292 311 -1.8995334224446125
302 311 -7.2322170444169558
298 311 -6.9697764686203776
295 311 -5.8265536291988411
303 312 -4.7262088432099745
276 312 -1.7700661990970379
262 312 -2.0023506471654664
259 312 -3.7487955741131751
253 312 -4.7340529893279149
246 312 -2.3028205002076816
280 312 -1.9282268314709357
243 312 -4.0296953762259422
206 312 -3.3961976937418989
242 312 -2.3271347671021689
293 312 0.59323828207885376
226 312 -4.3654319189028659
288 312 0.16212076282608012
300 312 -4.4317150692971738
227 313 -5.3787384752080492
221 313 -5.4360689149712167
246 313 -4.9695394449250072
249 313 -4.8688931809808507
254 313 -7.1052553956853375
304 313 -6.6406550039927472
301 313 -6.3463426202918312
297 313 -4.6675497138945445
294 313 -1.3241807289382646
280 313 -4.3901810361641198
282 314 -2.7041314375553704
283 314 -2.3716747131008491
285 314 -4.9323123797767572
306 314 -4.9388833186548569
266 314 -2.9955219336550538
265 314 -2.9836325492575777
238 314 -3.3823953615350644
225 314 -3.6607617846817289
233 314 -3.432361728354079
240 314 -3.3577774229767621
251 314 -3.0950183874971917
254 314 -3.094100532635581
259 314 -3.0456643521787781
268 314 -2.8408608674803175
270 314 -5.1058843408060177
271 314 -2.8264309010212014
274 314 -2.805857143814821
279 314 -2.7196189343729054
253 315 -4.2272323799044926
247 315 -4.2973659460198341
234 315 -4.5648350333793228
219 315 -4.9032851560469961
279 315 -3.8679673427854588
185 315 -8.154164184328808
277 315 -3.9007709631652761
178 315 -5.5566344063700841
309 315 -13.715343574476396
296 315 -4.4415842507389796
265 315 -4.137858998995231
258 315 -4.1821584283181235
288 316 -5.6829044952799919
179 316 -8.0706214067455342
149 316 -9.7972512868249169
300 316 -7.1419296723613037
259 316 -6.9475113031040996
280 316 -5.6651345012786134
249 317 -0.57170163306347477
136 317 -3.6743228772689522
137 317 -3.7072616918080334
138 317 -3.4856387263134461
140 317 -3.4856387263134461
144 317 -3.4382761121801635
147 317 -3.4382761121801635
150 317 -3.4144253443543247
151 317 -3.4150827801288557
152 317 -3.3904035649989646
153 317 -3.3904035649989646
154 317 -3.4037120483075936
160 317 -2.795119306939629
164 317 -2.6063506950315793
174 317 -4.1132756014174348
175 317 -1.8740017691404176
177 317 -1.8445370970476191
180 317 -1.5925291313504117
192 317 -1.5654061144018965
196 317 -1.5366075508330501
197 317 -1.5390304572686244
203 317 -1.4797091527253958
210 317 -1.250186507586025
213 317 -1.2268484507032922
218 317 -1.1730845475024265
221 317 -1.1438298329702326
227 317 -1.0863029238143622
228 317 -1.0676779388470485
244 317 -0.72953074631368442
260 317 -0.41083430343526944
278 317 -0.1163491156492597
281 317 -0.083927507874510587
289 317 -0.095588191334580019
297 317 -0.22294008129013382
301 317 -1.5546133684158918
310 317 -9.5425000278934728
100 317 -4.090017711256948
113 317 -4.4043437434768906
119 317 -3.9757616232924859
307 318 -12.04852024831662
148 318 -11.870194647455605
200 318 -6.6327187337889555
241 318 -6.5765156529021143
242 318 -5.5401524042475279
258 318 -6.9177084421887063
261 318 -6.8866379082363949
299 318 -4.4990227569910459
246 319 -1.8229480971120386
300 319 -2.4879705416449482
288 319 -1.1884926592295573
242 319 -1.8476394216721763
226 319 -3.1159608069510956
179 319 -3.6157571210155961
262 319 -1.5149847323727981
303 319 -2.6770276266025608
259 319 -2.4889983846629846
280 319 -1.2172328782291384
149 319 -5.3400809654353738
316 319 -23.483180057495787
308 319 -10.037468032970523
296 320 -2.5733319402827717
282 320 -2.5319321289285792
279 320 -2.0798066575128398
237 320 -2.7685279599624129
267 320 -2.2112114813001083
265 320 -2.3608866637171979
264 320 -4.6634717567112443
261 320 -2.3832335241638272
258 320 -2.4061923157831386
253 320 -2.452163093002437
250 320 -2.4758131722251826
178 320 -3.8228794370708274
241 320 -2.71825237478224
217 320 -3.5041489231186405
234 320 -2.7938755624113534
225 320 -3.0492835566075729
219 320 -3.1690307163513065
216 320 -3.1269972844404452
208 320 -3.639723911598622
315 320 0.64733778001073783
277 320 -2.114769566096713
309 320 -4.4232651452764351
305 320 -3.5387954941257593
317 321 2.3991024741003302
259 321 -3.0181880317791059
226 321 -3.6482314132156972
174 321 -2.1150915479621735
263 321 -0.66664285788346644
243 321 -1.0057035435198207
254 321 -0.76540674242428541
266 321 -2.9665113381667938
294 321 -0.34758328821870471
301 321 3.4903889481942927
304 321 -1.617218528106529
310 321 -2.2554134638324892
319 322 -1.9334264181430831
308 322 -6.1286528942663612
303 322 -0.83616455130405898
282 322 -7.8990816331382403
277 322 -4.7435299561934627
265 322 -4.9938013968864077
261 322 -7.3189693739648742
258 322 -5.0395701393121399
253 322 -5.0859534601325107
241 322 -7.656226685533813
293 322 -4.6443537833627344
316 322 -16.214410638883855
283 323 -4.0267021403864787
271 323 -1.851817202243921
266 323 -2.0331987137876513
259 323 -2.0853384977597549
254 323 -2.1355548450000525
231 323 -2.6923655885275228
226 323 -2.7186797297125822
180 323 -3.2665824400651364
310 323 0.96428811319603502
321 323 -23.986112617481453
317 323 -13.247523233874647
304 323 2.1307228537051501
301 323 -3.0660784365770968
297 323 -1.7062903546760322
294 323 -1.6774663783535249
305 324 1.694981548181935
296 324 0.69687695329440147
295 324 -0.8053892193253116
282 324 -2.132195449403234
279 324 -1.2474788351608823
277 324 -1.2652349990671263
267 324 -1.3802035524479805
265 324 -1.5634215655956338
264 324 -4.0263927360181082
261 324 -1.5729642930540111
258 324 -1.5979430664078844
253 324 -1.6475743215529866
250 324 -1.6729276772160429
247 324 -1.7237022689353338
241 324 -1.9276026395413508
237 324 -2.2089339258571514
234 324 -2.258612314040441
225 324 -2.2657999110812561
219 324 -2.8497113921087367
217 324 -3.1850323564859027
315 324 -3.3756915359942576
216 324 -2.3442195576795157
208 324 -3.3210480928791455
195 324 -3.5663599945855942
194 324 -2.709940427523998
185 324 -6.1012304810497069
178 324 -3.5033658281339979
119 324 -8.1616984412879106
113 324 -8.1842674606383774
309 324 0.90581028603098734
320 324 -10.846334656949681
306 325 -1.6979047971934893
247 325 -5.5965081107400358
265 325 -5.4213205485436351
274 325 -5.2002432605830204
234 325 -8.1809936977035278
225 325 -6.1386057528859581
219 325 -8.4935995962709505
296 325 -4.6787379313512094
271 325 -5.2259157014090194
289 326 -2.7164848182566508
294 326 -6.3494638473995648
297 326 -3.8921805766506132
301 326 -3.8067974902560651
304 326 -6.6158330017755045
310 326 -3.7290478667799505
317 326 -8.3969369748815943
321 326 -15.936321957087708
246 326 -7.4219771971964574
254 326 -7.2310570975214175
259 326 -9.4801779089504343
266 326 -9.4243785077351117
280 326 -6.7414937206319712
313 326 -7.9479101874284961
295 327 -2.5652074805405705
296 327 -1.7821110092274919
305 327 -3.3436368391331501
309 327 -3.8801351774686115
315 327 -0.57653923695935938
320 327 -5.3987682709370155
255 327 -3.4086391649963832
119 327 -9.9451981379559218
113 327 -9.9677283095173994
264 327 -3.5291708894749059
324 327 -25.027359672432137
269 327 -3.1175951906139301
277 327 -3.0489052274406698
279 327 -3.0501945507523009
284 327 -2.8563653988193551
323 328 -12.767518168051978
326 328 -25.605586517382299
246 328 -4.2866314186814254
231 328 -4.6403292314100932
254 328 -4.0742000259259896
259 328 -4.020530265340045
266 328 -3.9644975792925083
271 328 -3.7590137619607207
280 328 -3.6023556543487922
283 328 -5.9097461473115409
294 328 -3.1677750895102559
304 328 -0.64539958104504258
310 328 -3.552334248380149
313 328 -4.5971490451642971
317 328 -0.65593089397209958
321 328 -5.5260964891756457
284 329 -2.0919331607920926
327 329 -24.267441193805816
324 329 0.75820116893551659
320 329 -4.3605178900656112
315 329 -0.51467384875364619
272 329 -2.3329287931702547
269 329 -2.3564895865129269
264 329 -2.7935781886214701
255 329 -2.6492293945913428
267 330 -4.3840955620921997
237 330 -4.9879395566621927
216 330 -5.3530918544477366
325 330 -1.2132467990401592
265 330 -4.5544797352561099
279 330 -4.2222334959407961
306 330 -1.2700945501217049
270 330 -4.3363754006334316
250 330 -4.6799269329544844
314 330 -5.2259964495957352
296 330 -3.7967489765488436
285 330 -4.0718189749125973
282 330 -4.228228530416958
274 330 -4.3653977919238747
273 330 -4.3128146072907594
271 330 -4.3914875043820194
270 331 -7.1461183793924166
264 331 -7.3655109146377757
269 331 -7.1461183793924166
259 331 -7.4903212127774106
255 331 -7.4404419752664435
290 331 -8.8598816457928287
320 331 -8.3787083189524623
315 331 -4.0723913984039832
309 331 -4.4266664948005561
305 331 -6.7442051914994234
215 331 -8.1914994985902112
285 331 -5.8228562158605852
284 331 -6.8784444217413512
273 331 -7.1223678481837132
303 332 -5.1161711182949912
316 332 -2.4782955853184268
300 332 -5.0862817850731386
260 332 -5.8214998200902128
241 332 -8.4564155279927515
253 332 -5.8717081846302017
258 332 -5.8214998200902128
322 332 -13.935886433547299
319 332 -6.5712441303125155
261 332 -8.098785266528532
263 332 -5.7962001735344861
308 332 -5.187826273890928
265 332 -5.7714151015522193
266 332 -5.7739770988600849
271 332 -5.5658268324264801
274 332 -5.5395473821023051
277 332 -5.4821007678406319
282 332 -7.7162432216074919
293 332 -4.9584464337881613
254 332 -5.8844742499043656
272 333 -4.9777237163942374
320 333 -5.997052584400417
309 333 -4.677489579032394
305 333 -4.5419176750945613
296 333 -1.6839677370341681
290 333 -4.3949880386372708
285 333 -4.7632466584660857
284 333 -4.7310067111108465
269 333 -5.0016551012367252
259 333 -5.3765154084553402
331 333 -26.887540832926124
246 334 -2.7481710762488887
274 334 -2.1451976948138296
265 334 -4.6859197561419137
258 334 -4.7378570500993042
257 334 -2.4609357985606413
253 334 -2.4870678927984691
252 334 -2.5134028267793851
239 334 -2.8267577136194011
236 334 -2.8530762432438554
233 334 -2.8791392446052551
205 334 -3.4494972101202923
179 334 -3.65423330917131
277 334 -4.3785314601765872
280 334 -2.0262227393543273
283 334 -2.0059738364297868
286 334 -1.8531962374362139
304 334 -1.1879042442125844
310 334 0.56068172492934343
313 334 -1.2901261310430523
321 334 1.3356633165237013
323 334 -1.4651325179345245
326 334 2.4921263380166212
328 334 -2.6156992832406138
108 334 -7.627493039774369
258 335 -3.3921333091577424
225 335 -4.0701603645637761
231 335 -4.0551203651212511
241 335 -6.0330721600527255
253 335 -3.4437481610965612
266 335 -3.3682601980920444
260 335 -3.3921333091577424
261 335 -5.6686246733512249
263 335 -3.3695539704609967
265 335 -3.3404167255750359
322 335 -4.9614445015521218
271 335 -3.149438434978125
274 335 -3.1215580904368379
277 335 -3.0353907171438168
282 335 -5.2763944254667789
293 335 -2.3473946499418057
300 335 0.19158134768872909
303 335 -2.2166139150834319
308 335 -2.2206307080202956
312 335 -2.4142279365875297
319 335 -2.5432519575656141
316 335 -0.061412154117916506
332 335 -11.819756451294646
254 335 -3.481795701579868
231 336 -3.7587904820756246
320 336 -4.5119162071311214
185 336 -6.6893825248591181
198 336 -4.1753483721448221
315 336 -2.1172692058799343
215 336 -3.8654095013706109
240 336 -3.4483832833828587
254 336 -3.1853758855980754
256 336 -3.108869046068262
259 336 -3.1298618781122816
266 336 -3.0716944130285642
268 336 -2.8520010176447408
270 336 -2.8008431972920635
271 336 -2.8523111010418325
273 336 -2.7754043966658482
232 336 -3.5267765278169585
274 336 -2.8243433813001451
277 336 -2.725604626322133
282 336 -2.6760702397082312
285 336 -2.5050929701949083
305 336 -1.8820417359468447
309 336 -1.8931059667205412
